2.641628437001945513e-03
3.326086065996825859e-03
2.890174228879640195e-03
3.906533626827387966e-03
4.301941767523897835e-03
2.859064978874147241e-03
4.199349549751192276e-03
4.933394429683047623e-03
4.987663854068186652e-03
4.151721736351092658e-03
5.250537417311959727e-03
5.618140137903214655e-03
3.813761863988786478e-03
5.196689116305074942e-03
5.932652199101783735e-03
5.934537705106750043e-03
4.817465583654865699e-03
5.878220016168254208e-03
6.222928324154182629e-03
5.493455224062517191e-03
6.171046218965074714e-03
1.430528623617912439e-03
8.133782373611077830e-04
2.123193480453744713e-03
2.888941914475434518e-03
3.083934642589696712e-03
9.090623625920805787e-04
2.588728573937579963e-03
3.786752604460848562e-03
4.202956440370544597e-03
4.025126183990746648e-03
2.695406806957931917e-03
4.384248632009976783e-03
5.234764164388984453e-03
5.212579135255394729e-03
2.466504220292546363e-03
4.513638140526162260e-03
5.919254771277397513e-03
6.281897053490059432e-03
5.826577984292007593e-03
2.036859726531330128e-03
4.194268011913757435e-03
6.075182432663037493e-03
6.985155735897538055e-03
6.840733922832584538e-03
6.041731515876464648e-03
3.588110840494865804e-03
5.709405329295333918e-03
7.152803855040580118e-03
7.496314008510606731e-03
6.934905856746211190e-03
4.984251959630243631e-03
6.781887447071535506e-03
7.652612982598545541e-03
7.500627978204194024e-03
4.106645829699326518e-03
6.015618574244071919e-03
7.305380651640694736e-03
7.632215919957986011e-03
7.143383265759774975e-03
5.057083271234439834e-03
6.571955260319724094e-03
7.328355264830454380e-03
7.250271364101815511e-03
6.680638382736549946e-03
-7.723921942275488667e-04
2.182967791540150007e-04
8.282545333046966839e-04
-3.442931611585453491e-04
1.061999873795164799e-03
1.902075116021050873e-03
2.193723309519707461e-03
-1.246836871318374846e-04
1.786800165393090780e-03
3.129525607918680861e-03
3.568685505017191086e-03
3.428839465714725830e-03
-1.539035013237775688e-04
2.115164848437188234e-03
4.171429700634628375e-03
5.092092309631900300e-03
4.988689828025901461e-03
4.386683682120043337e-03
-3.373016208110645310e-04
1.974844575508593811e-03
4.633161662801908200e-03
6.370597800414115608e-03
6.653975103685906556e-03
5.987943434863589494e-03
4.980989546254915336e-03
1.536807806844216716e-03
4.400313122335887395e-03
6.957226655125840244e-03
8.024217246818709723e-03
7.630220300786262275e-03
6.484439551511744088e-03
1.020077990224362669e-03
3.702751732979677173e-03
6.699819930283061609e-03
8.675040930894795457e-03
8.941480170211140235e-03
7.964592366538920248e-03
6.521775832255803824e-03
2.848205666573735799e-03
5.824943091150590509e-03
8.444403421756598027e-03
9.564730915005455539e-03
9.105415833332549183e-03
7.758909797755424685e-03
2.046044533642679859e-03
4.684602703484056982e-03
7.510149028026681488e-03
9.364155872999378391e-03
9.633495117869969593e-03
8.683019590493473716e-03
7.221658633528946040e-03
3.558534322565976449e-03
6.210331765605856848e-03
8.470188304586907801e-03
9.455014218470279494e-03
9.099914074720272250e-03
7.938376562274746320e-03
4.865074062107427322e-03
7.167943593043337933e-03
8.669069121152402080e-03
8.949775824763538806e-03
8.259904246305899492e-03
5.766503237153795813e-03
7.496684629731135280e-03
8.307338810970246734e-03
8.147075115619064820e-03
6.194834046340927380e-03
7.334482276787402701e-03
7.652039818107927993e-03
-2.470435979048079145e-03
-1.473161785616301355e-03
-6.986175312621993897e-04
-3.354207995125837744e-03
-2.062021204118157959e-03
-6.831850319120703159e-04
2.494092266882819392e-04
7.645431257602890249e-04
-1.752293069032626223e-03
2.156486935417436265e-04
1.630747410380646448e-03
2.166057210468331443e-03
2.243316782234182783e-03
-1.665666027350563112e-03
8.284226537045722349e-04
4.097166146505792049e-03
4.004819382348005427e-03
3.544250430939297359e-03
-1.747836908795303559e-03
8.680457471326778968e-04
6.292657169817219426e-03
5.506378225536945163e-03
4.502598073813915067e-03
-1.854256933265684658e-03
4.737843103561590013e-04
7.911974574998554416e-03
6.467914383840098549e-03
5.042405741579075729e-03
-2.642430605357188640e-05
3.412767717686395266e-03
8.748776931837849713e-03
6.824742773368198435e-03
-4.299814285297116228e-04
2.396401061176712827e-03
1.088217650926230629e-02
8.782514737840215954e-03
6.694960820856432973e-03
1.489062548826791286e-03
5.127518210056848831e-03
1.052003476544390199e-02
8.246846177048475224e-03
8.043321364332740170e-04
3.677201784174629045e-03
7.651896105930285422e-03
1.158450381970725813e-02
9.567353881463508750e-03
7.460680130405950711e-03
2.493040447966071976e-03
5.767551653000265073e-03
9.385031148303944054e-03
1.174061897056147795e-02
1.035558828480607346e-02
8.431236681193159110e-03
4.137068501379422177e-03
7.319667134292074176e-03
1.001144548634706581e-02
1.103993686114207451e-02
1.046449935310760429e-02
9.008682305850992597e-03
5.443397058515079927e-03
8.065982489840466119e-03
9.713289113634230448e-03
9.934119531382110124e-03
9.099116520307353601e-03
6.219255931571377252e-03
8.084319573376118687e-03
8.924695243473662956e-03
8.724321729823238461e-03
6.472497329807335754e-03
7.657057175946334858e-03
7.988547810996003348e-03
-4.403250997389771514e-03
-3.437403775874743692e-03
-5.152626017588910791e-03
-4.231941447215742218e-03
-3.023573719863029315e-03
-1.960680935360012336e-03
-1.085839952563161497e-03
-5.061902505243699377e-03
-3.986933774912826411e-03
-2.277994110504644697e-03
-8.667917635117134909e-04
-5.495491913486533458e-05
4.860716254694823343e-04
-3.824633680630304747e-03
1.832271902540429011e-03
2.045615578432232861e-03
2.057454914774769616e-03
-3.771843957817345820e-03
4.041018430688003878e-03
3.404279052513196121e-03
-3.712632295802893462e-03
-1.446337921237115902e-03
5.612834422010953665e-03
4.351823676509060032e-03
-3.546315177897627156e-03
-1.835267093249604671e-03
8.707927242880858509e-03
6.520843455639538377e-03
-2.077804390949045642e-03
1.155221514294425952e-03
9.362571834988436120e-03
6.757157695308923899e-03
-2.115508365314689842e-03
2.137475855862131446e-04
9.073217865464878323e-03
6.530981265807491408e-03
-3.805398299331012976e-04
3.249155578102691684e-03
1.142015144732625408e-02
8.278473184914708280e-03
-6.889973811992698531e-04
1.886060498629047073e-03
1.314608062204933661e-02
9.946165583210932540e-03
9.789544923896448779e-04
4.401121000594687520e-03
1.114334426550996245e-02
8.531655406208966605e-03
2.812788820410614538e-03
6.637982234605543930e-03
1.332882252153480551e-02
1.159935565592429968e-02
9.364715958540331328e-03
4.493952823988445026e-03
8.045668010975587370e-03
1.101956720741330102e-02
1.201524254727434453e-02
1.129547229419325220e-02
9.704663065337125125e-03
5.704315169395467872e-03
8.468682351931386756e-03
1.017290115282414378e-02
1.037823641786297761e-02
9.525092102418088527e-03
6.315734283763438026e-03
8.202038235956575496e-03
9.067750254574163254e-03
8.906583362125622058e-03
7.614010589222919637e-03
-6.477562626636500578e-03
-5.526876091415025734e-03
-4.330720295522295579e-03
-3.052209433163819222e-03
-6.535757402030201342e-03
-5.373034179080032544e-03
-4.024703184429695609e-03
-2.774035015251693354e-03
-1.596760967698374577e-03
-6.467781993850161594e-03
-1.673265779265829768e-03
-7.423662891470605161e-04
6.407293360787941997e-05
-6.334073692266174900e-03
1.519951423375420297e-03
1.699778268204684036e-03
-6.091680574588668670e-03
3.653523203505108265e-03
3.063154152656164409e-03
-5.676780976368711769e-03
-4.612398800326045212e-03
5.262093387864335940e-03
3.994278328965481135e-03
-4.546008757427913612e-03
6.119318595708173221e-03
-4.218402121268854769e-03
-2.200616799127013985e-03
6.312988497554011293e-03
-2.479882352440607608e-03
8.714053278846990019e-03
-2.413467357182708193e-03
2.818545351825452552e-04
7.862856122210097609e-03
-4.254293320941284103e-04
9.711975322961741847e-03
-7.281436097959259916e-04
2.130046875084501412e-03
1.125696128088022122e-02
8.249141757486241899e-03
1.058195511103202568e-03
4.835735934501531573e-03
1.210712784444097773e-02
9.280412443600304095e-03
2.932039122369499949e-03
1.392026244805169219e-02
1.213153905757812998e-02
9.875180474259651411e-03
4.534773894188584044e-03
8.111599375844595616e-03
1.209949312335115677e-02
1.144117502348886498e-02
9.943662789239294392e-03
5.592650796234191653e-03
8.259425642195714068e-03
9.947355284898675570e-03
1.024075629229990667e-02
9.522966858239379634e-03
6.074902872574464152e-03
7.874688764854876830e-03
8.773667635441777940e-03
8.729498715202101133e-03
-7.626914097923384941e-03
-6.356340948536859554e-03
-8.846073930206286434e-03
-8.280845814791774201e-03
-7.039976523133772285e-03
-5.380557244173161079e-03
-3.606030585606148729e-03
-9.094737975516650405e-03
-8.583997430545766902e-03
-7.227230259305832301e-03
-5.582151401387731686e-03
-3.769768841564127577e-03
-2.074556045963675977e-03
-9.060266565937086236e-03
-3.199232335181380251e-03
-1.622424520368579738e-03
-3.523256887345670575e-04
-8.731528028368984798e-03
7.739049433157050174e-04
1.301945938629452473e-03
-8.105174908995550417e-03
-8.295613207550258522e-03
2.977749356568985296e-03
2.645637370125199749e-03
-7.809316881568609953e-03
4.573635361932145219e-03
-6.993434050360807300e-03
-6.122040071183205631e-03
5.418285862562574433e-03
-5.994912589816609426e-03
-5.766245938252581235e-03
8.276238529031037724e-03
5.662792869494008736e-03
-5.028325818770326867e-03
7.854884140717378199e-03
-4.186572144278829719e-03
-3.047410897855076708e-03
7.168364236716998419e-03
-2.725992316090217367e-03
1.421420113277989644e-04
8.984235692225374381e-03
-5.490979966973948828e-04
1.069516876478400665e-02
-7.661959467511658597e-04
2.140506284139958009e-03
1.189133192471531278e-02
8.831917193225234317e-03
1.045112505097677393e-03
4.782754418922910422e-03
1.230858772175948308e-02
9.632437771009664737e-03
2.842289303531776549e-03
6.672198738567760613e-03
1.343463033609774981e-02
1.195856539002942281e-02
9.959408411481782131e-03
4.292462711846610664e-03
7.523395815573183203e-03
1.028384356617870546e-02
1.138540040005045148e-02
1.100924614514680287e-02
9.788348505570655320e-03
5.213974937990556446e-03
7.604627639856107423e-03
9.225995410268719027e-03
9.680297068611171465e-03
9.194587782139098872e-03
7.285199385065799574e-03
8.207274530870526871e-03
-1.030520327066283305e-02
-9.196718077967517418e-03
-7.324082788099988903e-03
-1.110663268801170660e-02
-1.145379151357680571e-02
-1.063452431574623235e-02
-8.770897643841698427e-03
-6.315450184326834408e-03
-1.136675141509342624e-02
-1.221579655783594683e-02
-9.948350895692506177e-03
-7.399260205341161994e-03
-4.613542467899725899e-03
-2.345583750128606842e-03
-1.114960289636554407e-02
-1.249737226402725804e-02
-4.959514909989224535e-03
-2.354056405210078369e-03
-6.101876779256220967e-04
-1.046678868647430219e-02
-1.225913486609376754e-02
1.014823898451521606e-04
-1.146304356750791481e-02
1.944462265753233322e-03
2.276608400628582669e-03
-1.018703465590440824e-02
3.822111520628392392e-03
-8.659107053438029264e-03
-1.020796164963453170e-02
6.520745807238734724e-03
4.679803901852663470e-03
-8.549150211912718428e-03
7.010872175843355959e-03
-6.877001731278934750e-03
-7.292747600082844124e-03
6.849603808612888568e-03
-5.825207583787336829e-03
9.213085222452866221e-03
-4.523964082220763294e-03
-3.636177627087308715e-03
8.049424759763166778e-03
-2.942531035808973808e-03
9.726755775270459065e-03
-6.877127685301162195e-04
1.111296976597939828e-02
-7.462361576041170964e-04
1.922652676518489838e-03
1.508595997259440900e-02
1.189159215371905776e-02
9.999617820114462159e-04
4.291260304637660450e-03
1.400529720339240523e-02
1.194050570808591859e-02
9.642795162989364205e-03
2.647067268283799166e-03
5.895417203923758107e-03
1.229710393208288156e-02
1.133817239324468214e-02
9.729292458007838748e-03
3.935260054856034966e-03
6.658964953507695399e-03
9.074708208689004352e-03
1.029573969635890623e-02
1.026309628373389682e-02
6.822166088338053186e-03
8.335642850199996221e-03
8.929961450030303102e-03
-1.295627797949988440e-02
-1.246960169818332916e-02
-1.061324284144455829e-02
-7.932484969812376302e-03
-1.443060819849126958e-02
-1.475119410155125051e-02
-1.324690104762116585e-02
-1.024185452525654301e-02
-6.803398154071244909e-03
-1.534346373924596121e-02
-1.669894646654544387e-02
-1.593865786438164456e-02
-1.298505894507094582e-02
-8.802536883016779182e-03
-4.972247369482579032e-03
-1.546632712018048035e-02
-6.181562901360036777e-03
-2.650012260401591550e-03
-1.472343298210224659e-02
-2.702856041440801320e-03
-2.476904424871220929e-04
-1.325077178979910432e-02
-1.715753009934672946e-02
8.498081788196923088e-04
1.800488210793213225e-03
-1.135860338146229762e-02
-1.516624874886249308e-02
3.621390936099016817e-03
3.245343344088152428e-03
-1.261576385375902561e-02
5.240615916617451762e-03
-1.005595634613624598e-02
-1.310414251446454306e-02
5.898208256294591723e-03
-1.004987882310803479e-02
8.530295614504666141e-03
-7.525146329575124922e-03
-8.723425597247216889e-03
7.902580635612345070e-03
-6.343409296233557156e-03
1.016743186913004332e-02
-4.596684330828050905e-03
-4.001641369314934762e-03
1.237328303778140702e-02
8.674282805878398908e-03
-2.931366730238820720e-03
-5.730108602799871033e-04
1.392745410512675856e-02
1.008979317552224572e-02
-7.163774187722787108e-04
1.444309205118552396e-02
1.110592235596123689e-02
1.671183516005305455e-03
1.395793571015490134e-02
1.152048650686351289e-02
3.729714783689894522e-03
1.298634995305386966e-02
1.271975662362290205e-02
1.129655480657482114e-02
5.136488141109523189e-03
8.118057739658157343e-03
1.029207234755079477e-02
1.103086109630521325e-02
1.053801475262427373e-02
5.880513102191695617e-03
7.957036405401714599e-03
9.204696459156766486e-03
9.423988189534779694e-03
-1.565276647250707365e-02
-1.436787584273663092e-02
-1.144016062144832292e-02
-1.648605516333644799e-02
-1.850198823149165617e-02
-1.829107055534321888e-02
-1.536371986854295421e-02
-1.088773344892963145e-02
-6.645519762275734627e-03
-1.714562547643553106e-02
-2.081564051589723796e-02
-2.251320688730281544e-02
-2.046776013811456643e-02
-1.512458100739036936e-02
-9.182200317257100536e-03
-4.710989078759551460e-03
-1.680689538444269174e-02
-2.194306217695765962e-02
-6.349015036287626070e-03
-2.430885167371363113e-03
-1.552358340351436133e-02
-2.144958889550145284e-02
-2.886207680109579773e-03
-2.055206413301797152e-04
-1.941840529426433481e-02
4.106775893285084366e-04
-1.644286694197187593e-02
2.900647994915818255e-03
-1.325280297882248069e-02
-1.952859465029805133e-02
4.402255033481886418e-03
-1.492583281911513855e-02
6.785683092410005682e-03
-1.107527296439427163e-02
-1.571738278365886199e-02
7.108920079715840175e-03
-1.098793854565788437e-02
9.767612371851780440e-03
-7.682555465884787979e-03
-9.434793887450412114e-03
8.746274030279558437e-03
-6.309154447503746710e-03
1.073660521435688964e-02
-3.884303262244084495e-03
1.243358735059232022e-02
-2.600159859012420114e-03
-6.858767782812378276e-04
1.342820435398531416e-02
1.017493036662317496e-02
-5.068989090338966432e-04
2.540101364140119004e-03
1.565773732331398466e-02
1.352702724726122241e-02
1.085460268577126929e-02
1.612929208913563240e-03
5.012722343606520678e-03
1.361020183177221593e-02
1.280251515807720626e-02
1.097355122129375395e-02
3.386774945094460105e-03
6.456291629268403297e-03
9.459821934099063925e-03
1.125011031257949073e-02
1.148987120685567194e-02
1.054576912722504818e-02
7.046678980462251114e-03
8.989786233986007263e-03
9.882105454941782566e-03
-1.803537525674834066e-02
-1.794567087380724915e-02
-1.538966412908337501e-02
-1.134701765030315425e-02
-2.086514897487229750e-02
-2.272586214719616790e-02
-2.102710841727073107e-02
-1.611405988146987628e-02
-1.041738616173818952e-02
-2.278987558358419943e-02
-2.757090270201337234e-02
-2.842338416040062279e-02
-2.339067960829701101e-02
-1.533715050786385592e-02
-8.393045406519602722e-03
-2.316804409843033902e-02
-3.116168709274954457e-02
-1.252736765384866377e-02
-5.487238406586145145e-03
-2.180162052864680067e-02
-3.199523234347088907e-02
-7.938945892062992254e-03
-2.277161112588527245e-03
-1.910462911714422285e-02
-2.953610164351718609e-02
-2.767861691217268685e-03
5.761338682415375256e-04
-1.582236400235653012e-02
-2.479153722158295228e-02
1.572327755446314328e-03
2.662164326594503895e-03
-1.942344860610829838e-02
4.365264412452322940e-03
-1.461378553511592793e-02
-2.336990543167352316e-02
5.732513105889019620e-03
-1.632059259221396025e-02
8.363957590831815753e-03
-1.131407042322512407e-02
-1.684732564179357295e-02
8.246426285411669402e-03
-1.087080014087411090e-02
1.074908517275857678e-02
-7.190775916968585209e-03
-8.925246519686218932e-03
1.327752638060052635e-02
9.378132547734409005e-03
-5.600352881810759242e-03
-5.297374796000182094e-03
1.520151875596183547e-02
1.104712594100792575e-02
-3.169200292930219633e-03
1.598875307739490784e-02
1.229728176077890534e-02
-2.818000932241012551e-04
1.552136485504438355e-02
1.285006432784170996e-02
2.444402382676002464e-03
6.474020579239254253e-03
1.089277546561100499e-02
1.368100578387700279e-02
1.406027299220351939e-02
1.261331809756393620e-02
4.509482167898135052e-03
7.886554392093694799e-03
1.074375180179997988e-02
1.204963199031008382e-02
1.170283488572125552e-02
5.757589915831739895e-03
8.246272338195284948e-03
9.923494015467469037e-03
1.036319843819046883e-02
-2.049558942282829824e-02
-1.907591215925901959e-02
-1.509375811684265413e-02
-2.132176028806321080e-02
-2.523582926953939903e-02
-2.583975114642517515e-02
-2.176916413078022056e-02
-1.510650136189009216e-02
-2.241097387323243845e-02
-2.940310141141808109e-02
-3.415022227880513267e-02
-3.194622528855441818e-02
-2.313432910798000897e-02
-1.353347985640673476e-02
-6.785096747047626893e-03
-2.194878345935217037e-02
-3.160085013383400615e-02
-2.167635282024997154e-02
-1.024236120702286257e-02
-4.042123415591933160e-03
-2.004078869632401963e-02
-3.080922483842519349e-02
-5.853316917049709509e-03
-2.728314852474733945e-02
-9.000602852821948385e-03
-1.489082318162334448e-03
-2.235143248295849705e-02
-1.617366544402090755e-03
1.917091826016115207e-03
-1.737878781600969702e-02
-2.938887309850488419e-02
3.565883853966663602e-03
4.052442883759321650e-03
-2.115279398299730815e-02
6.260581353399256345e-03
-1.489761378898918007e-02
-2.486025523645646676e-02
9.610195504188125473e-03
7.193447752298262263e-03
-1.604668304702925458e-02
9.979936543870181545e-03
-1.054575580789094205e-02
-1.564113827219568847e-02
1.329809503249856396e-02
9.261530783845881021e-03
-9.554737664241507930e-03
-1.267215588002788655e-02
1.650483303244947020e-02
1.153923662573980505e-02
-7.204971791835762876e-03
1.861222923325844825e-02
1.359037220874414510e-02
-4.347059323489282576e-03
-3.660678605799108469e-03
1.890690261837850439e-02
1.490596276395401813e-02
-2.019015628628976870e-03
3.026507589741232523e-04
1.743926186537493248e-02
1.513214915865930717e-02
1.195310419143008271e-02
4.903240393395795439e-04
3.703000448043869061e-03
8.369952737539846851e-03
1.279647781556442383e-02
1.489556905499908775e-02
1.427381882725382162e-02
1.212465059542160335e-02
5.966716481078425741e-03
9.547714014976085156e-03
1.206812500433008389e-02
1.265847185263323411e-02
7.087652046413524774e-03
9.484653618735643457e-03
1.072098595941650863e-02
-2.139577551669306216e-02
-2.159189512741058886e-02
-1.851692049379026830e-02
-2.523434715317876206e-02
-2.828546568656669161e-02
-2.643210881441053831e-02
-2.003984722186780143e-02
-1.270152751865711097e-02
-2.793831161153690831e-02
-3.550193069628664738e-02
-3.776902282678811645e-02
-3.096377965730724366e-02
-1.975596445347744048e-02
-1.052872187362674516e-02
-2.852041543860322007e-02
-1.678278707600546621e-02
-7.209865449226176420e-03
-2.667469775334956744e-02
-1.132469401271216959e-02
-3.454231600816084699e-03
-2.305243982668584921e-02
-3.883368205673719264e-02
-4.957015984831144965e-03
-8.417514609301560071e-05
-1.875700119951542386e-02
-3.175176919495441979e-02
4.575821302719743577e-04
-2.412832729336622170e-02
1.703431226353861478e-03
3.994375500906317822e-03
-1.763827317470388970e-02
-3.097602111990288565e-02
6.723719820247930738e-03
5.773092286520545638e-03
-2.066451658608419242e-02
1.122085312441028181e-02
8.552762152976853618e-03
-1.381859326480079121e-02
-2.276176294396519556e-02
1.242610850002643860e-02
8.662112942321191153e-03
-1.395402171874078785e-02
-2.209093770534305973e-02
1.714676490807882231e-02
1.150663886193567347e-02
-1.237540209004236828e-02
1.456294832372296254e-02
-7.383831593225132633e-03
-8.674662757266223337e-03
1.712549303514549273e-02
1.200232124988167594e-02
-4.837459998270281225e-03
-3.428969470398296731e-03
1.834894894762190143e-02
1.355034852016197278e-02
-1.621701439968029805e-03
1.852557726518970754e-03
8.360404684787483762e-03
1.925644811881942198e-02
1.781613760948160680e-02
1.428075132309362949e-02
1.574874650796374452e-03
5.776578502891301613e-03
1.112904872502747285e-02
1.514065670521553067e-02
1.586661666382983837e-02
1.401101907036603374e-02
4.116166786528825672e-03
7.908820960295260410e-03
1.147421807938958649e-02
1.326410303141918948e-02
1.288105235712352394e-02
8.598396657788271238e-03
1.066423531007912665e-02
-2.230411274708029440e-02
-2.077630757808082013e-02
-1.635586561512604106e-02
-2.316983214343667705e-02
-2.776969762417148824e-02
-2.860079124926494590e-02
-2.399262622791956470e-02
-1.647305873310163718e-02
-2.442297171857506569e-02
-3.266199267116322996e-02
-3.850986009647906078e-02
-3.605821481820194185e-02
-2.575064484813858676e-02
-1.480834464108927821e-02
-2.390908428540394065e-02
-3.528188451754799698e-02
-2.422774002797498105e-02
-1.120737281854360286e-02
-2.175734443853870326e-02
-3.436465311207038964e-02
-1.841432478041018367e-02
-6.399010081290537784e-03
-3.024163749256178133e-02
-9.806994441636641621e-03
-1.665864079093009025e-03
-2.455290762807304378e-02
-1.622357514293205297e-03
1.976588796719296048e-03
-1.891332917361565266e-02
-3.302742245078017086e-02
3.944580766364134093e-03
-2.341262493443953263e-02
7.913037333038370688e-03
6.737523488824169980e-03
-1.629142130730270449e-02
-2.808863111357989828e-02
1.080196743339241656e-02
-1.782496398884612226e-02
1.699325621098782269e-02
1.087147275693430351e-02
-1.770476007793516868e-02
2.498847922444751707e-02
1.500241559717921912e-02
-1.067769614319953077e-02
-1.470926431405319632e-02
1.940371794735817543e-02
1.255942879670191199e-02
-8.280028536166904318e-03
-8.584059596165807479e-03
2.263169366601627819e-02
1.510022629520071068e-02
-4.517790632446058892e-03
-1.031717031213561387e-03
2.316399172053634423e-02
1.681996931738588205e-02
-2.029253151810462327e-04
5.304860624981093571e-03
1.385155357115189743e-02
2.055663505389560691e-02
2.087910504008549592e-02
1.713900635920892826e-02
3.575873434275153844e-03
8.989548624661359080e-03
1.456235183963796621e-02
1.712789930834032054e-02
1.600845869796891155e-02
6.122558104729195969e-03
1.028446017137957420e-02
1.331607490733573151e-02
1.392724096869913525e-02
-2.123425834453346664e-02
-2.131044607912910629e-02
-1.819619884869964899e-02
-2.496903908024602700e-02
-2.775109606988865329e-02
-2.573157626320570976e-02
-1.941195887580795046e-02
-1.228923353067459638e-02
-2.757975309583496348e-02
-3.461981713340674810e-02
-3.635302776398713354e-02
-2.950624720148891170e-02
-1.873073811099043237e-02
-9.981939289184763378e-03
-2.812419924344195660e-02
-3.994442257240236188e-02
-1.538207267196660399e-02
-6.597445857366393551e-03
-2.631986105378328333e-02
-9.739255563799450316e-03
-2.279577365824034599e-02
-3.765144656732504619e-02
-3.474736103118966895e-03
-1.861036543375557684e-02
-3.092766672923986590e-02
-3.528231158362107878e-03
1.622686749238180098e-03
-2.365475244584005002e-02
4.640915904279565955e-03
-1.741557793376680152e-02
-2.976824205358558073e-02
8.559166973487405267e-03
-2.011740231807267881e-02
1.546611015033327353e-02
9.605774340150669000e-03
-2.165523724801329472e-02
1.454474715087653719e-02
-1.354756174825965005e-02
-2.018234023960928727e-02
2.109556538014537019e-02
-1.172056170355955697e-02
2.777311768184752977e-02
1.628583422181674803e-02
-7.785058774010387116e-03
-4.272821826647503485e-03
3.123125075269353110e-02
1.956160329907727369e-02
-2.397416176361598372e-03
5.208526402018315987e-03
2.921773899675410638e-02
2.115638903964994766e-02
2.887858538539343854e-03
1.100147554249880817e-02
2.019465123856317365e-02
2.355473140770274199e-02
2.038882346305767590e-02
6.687239897792395318e-03
1.294822063197836881e-02
1.747815780583538217e-02
1.777269737672273683e-02
1.260025204319411771e-02
-2.017736530625218946e-02
-1.860013296958599321e-02
-2.113328072695546539e-02
-2.466568706052500379e-02
-2.487012039010581127e-02
-2.068446267400076560e-02
-1.425697382337165475e-02
-2.216588087264502460e-02
-2.855151990976481299e-02
-3.240209752677201266e-02
-2.963319566867560900e-02
-2.111950083008260273e-02
-1.227838206632405303e-02
-2.169957115800493982e-02
-3.055009455994235276e-02
-1.856184924650586959e-02
-8.697228031480812305e-03
-1.984494481655949341e-02
-2.975958205140477250e-02
-1.262159876537964458e-02
-4.264323773592809154e-03
-2.644051962987227847e-02
-4.943501275427902159e-03
-1.070032508205698583e-04
-2.180796399233415547e-02
-3.600551677508069537e-02
1.770074565233471526e-03
-2.779161004720836353e-02
7.316021843922161129e-03
5.965839724709420637e-03
-2.033994107200905871e-02
1.217284748108138186e-02
-2.299853036528033343e-02
1.283870735150389672e-02
-1.529785416507893105e-02
-2.316540513978383731e-02
2.079663951590133772e-02
-1.429523589114714728e-02
1.651440247597369543e-02
-1.066847845560790764e-02
2.170227189590943212e-02
-6.578864261548806290e-03
-4.531498982199769557e-03
2.554716039010752199e-02
-2.892095564317321947e-03
2.361280689021142114e-03
1.487439596186926685e-02
2.608422782458486369e-02
1.137455826637272195e-03
7.703176570120200128e-03
1.736829332918109203e-02
2.412263828138403940e-02
2.317202121481185331e-02
1.045438374435196834e-02
1.631680165575339486e-02
1.859071025786261308e-02
-2.066223574316530115e-02
-2.210603635233162820e-02
-2.005681458245349436e-02
-1.513316873513348947e-02
-2.247675152759667783e-02
-2.656126209112080055e-02
-2.658847433654851558e-02
-2.125065629414298399e-02
-1.366581660095758134e-02
-2.279541100660740019e-02
-2.977548629634733240e-02
-3.383369280278019503e-02
-1.965726540479798348e-02
-1.021100513298678521e-02
-2.145758017932347314e-02
-3.042024170582309506e-02
-1.409371855257215804e-02
-5.318768630399073848e-03
-1.887055386950166683e-02
-2.809698454603641593e-02
-5.535271034777244047e-03
-3.348766005486227774e-04
-2.375038495859660079e-02
2.734191899800103315e-03
-1.883852249241052892e-02
-2.928271192782293600e-02
7.996567373903036569e-03
-2.173822709887716920e-02
1.797602994027589982e-02
1.006170102540347895e-02
-1.560899802085587151e-02
-2.286315793098205734e-02
1.767004779390336441e-02
-1.536420806995578495e-02
1.524120322888027589e-02
-1.038830546787800763e-02
-1.242178112488478633e-02
2.184799595897752439e-02
-8.142420521118222398e-03
-6.153861138519589082e-03
2.838477999583029904e-02
-4.305612735126888510e-03
2.078122121132495916e-03
3.164881500838634398e-02
1.955997865878542075e-02
4.128325492164235003e-04
9.175209631786690814e-03
2.361275827480791706e-02
2.959395884977219018e-02
2.109643477953642224e-02
4.739006685504403710e-03
1.296624141260991833e-02
2.144738383195053666e-02
2.392961026875281907e-02
2.030358942413611201e-02
1.369850640575056948e-02
1.775892633856948621e-02
-1.856871847337093415e-02
-1.802074834558414079e-02
-1.480117566605249763e-02
-2.083814662118654848e-02
-2.207843270719352449e-02
-1.941362789165641464e-02
-1.384146418803955392e-02
-2.190079871717287574e-02
-2.559186605110282467e-02
-2.479184878803427153e-02
-1.853974327421377410e-02
-1.079070008179812933e-02
-2.134240644689170199e-02
-2.733061301927137629e-02
-1.385947975375930764e-02
-5.832487898588031155e-03
-1.931110263515950151e-02
-2.643957321125178089e-02
-5.370476543004193588e-03
-2.596187042965159984e-04
-2.323368002615139316e-02
3.986090296527398415e-03
4.280484796569767811e-03
-1.893209073863696620e-02
-2.614671403974465347e-02
1.041509211925903920e-02
-1.469435020805651138e-02
-2.022637648996188087e-02
1.282112510529281012e-02
-1.491637537327469148e-02
-1.794140242261443169e-02
2.301508456910310307e-02
-1.277567704362912553e-02
1.923570423905177074e-02
-8.992013831653546466e-03
-7.133213355853164871e-03
2.725536152028481054e-02
-5.350796239214301690e-03
1.545215919501584205e-03
3.361189867443870050e-02
1.969028600138602106e-02
-2.841219978984999700e-04
1.020901003184424352e-02
3.428782848403127276e-02
2.275355140978021357e-02
4.865923915425111011e-03
1.542644977025298125e-02
2.669571143306613201e-02
2.906707320177187234e-02
2.317507969531197934e-02
8.625331980953665489e-03
1.657264812569517881e-02
2.171549568531035840e-02
2.085784974555244045e-02
-1.758920256879151559e-02
-1.657293955403703681e-02
-1.296072946958345441e-02
-1.902517543637805009e-02
-1.943666702668314303e-02
-1.607856325212685122e-02
-1.046268786508989732e-02
-1.918534292495593582e-02
-2.134136814678778277e-02
-1.905276949997657468e-02
-1.247921545140211370e-02
-5.886275387264815542e-03
-1.796242637913691292e-02
-2.150631607804436712e-02
-2.094031156905167002e-02
-1.383174485368221518e-02
-5.119293789755738691e-03
-1.722839511875664728e-04
-1.572708750606089528e-02
-1.977628689011235591e-02
-2.083400447444812981e-02
4.209636286238342164e-03
4.922595676489793098e-03
-1.679421189054205663e-02
-1.869261506252993532e-02
1.166864432983104674e-02
-1.347050247766838453e-02
-1.541885090439841857e-02
1.492146612078268722e-02
-1.203161317962596517e-02
-9.201490196010502637e-03
2.564166157977760055e-02
1.478246379056000724e-02
-9.104228038678456938e-03
-7.560329218265460574e-03
3.282651611878015848e-03
2.214812734140966799e-02
-5.965814061056845183e-03
2.604541320510416207e-04
2.966592271357267399e-02
1.773213314028636647e-02
-1.071485164768725198e-03
9.402741345464744535e-03
3.344689698650272353e-02
2.190311347661354560e-02
4.504853399794390804e-03
1.612186252395041153e-02
2.871922465452317330e-02
3.092939708153093215e-02
2.390124630832928324e-02
9.063213665079927414e-03
1.841020934255329505e-02
2.430771261457850829e-02
2.274453620139123972e-02
1.737259037407790779e-02
1.922722453172490825e-02
-1.495790512779858125e-02
-1.329326442902144939e-02
-9.546525486039637506e-03
-1.547682832422114275e-02
-1.462660901394819031e-02
-1.070819635529398663e-02
-5.702281483001404513e-03
-1.497055329296820281e-02
-1.504046011266542936e-02
-1.125194220568370707e-02
-5.078983592240204382e-03
-4.224221905775371383e-04
-1.356518882190236620e-02
-1.434559740146366426e-02
-1.098657227585351191e-02
-3.401773575849487315e-03
2.901793535642203502e-03
4.834487519169664883e-03
-1.275262953831627667e-02
-1.008096023250513659e-02
-1.326930183776147115e-03
8.081090561926018712e-03
1.049478947898851641e-02
8.529840638489410987e-03
-1.071644498170806585e-02
-8.858024939980529977e-03
-2.530341161735173293e-04
1.851747738207773844e-02
1.487137080688604590e-02
-7.520346639802902300e-03
-6.065844836258949381e-04
2.308918596284314020e-02
1.563337305209107353e-02
-6.183625828164718112e-03
-1.443589763053485745e-03
1.097326191395941314e-02
2.202344627606289337e-02
-1.958856813909920936e-03
6.633924703410625130e-03
2.114497242773205957e-02
2.694830609360248513e-02
1.856387694579858527e-02
3.395764324774832796e-03
1.392278496473433810e-02
2.521935394467693381e-02
2.753826865875012853e-02
2.163452806371296208e-02
8.389202926967893187e-03
1.772839135142904518e-02
2.362187989095167542e-02
2.205203963155531743e-02
1.158250029023789700e-02
1.785589612249990563e-02
1.972009222835131165e-02
-1.126578881003788800e-02
-8.994661911201391399e-03
-5.414966362793234046e-03
-1.114057085068894878e-02
-9.134735943572634687e-03
-5.047612602845525168e-03
-1.018258538530917960e-03
-8.785748862373201837e-03
-4.276427269443772161e-03
9.548816344292596504e-04
3.847525157467527376e-03
-8.058530506602542415e-03
-3.473452566881497609e-03
3.257588838862404516e-03
7.533807522468567545e-03
-7.110888372744868062e-03
-3.002938229587222198e-03
4.759149999900185932e-03
1.144855972203696198e-02
1.243548897475102964e-02
-2.852936765604192383e-03
4.635168519186713861e-03
1.363742181849706032e-02
1.709099036198514360e-02
1.443393970232871755e-02
3.308411998912914442e-03
1.279071461601974727e-02
1.951194269621861141e-02
1.864911600316787599e-02
1.788523843902552852e-03
9.828704682506341980e-03
1.827166696223088069e-02
2.074089885893934740e-02
1.724108140488869040e-02
1.447589138788415650e-02
1.960538043140248876e-02
1.877248830965655771e-02
1.611637441383665520e-02
1.797551355201015832e-02
-4.459140108252788136e-03
-6.726699108060582664e-04
2.746887225545396752e-04
4.366884012051946810e-03
7.539267182713248281e-04
5.974307923968681829e-03
8.891162999510775558e-03
6.463658553269793425e-03
1.097614861785261610e-02
1.143505019316894827e-02
1.380168415445503713e-02
1.015814631737808373e-02
1.420011333388063700e-02
