    0.0036843451
    0.0037791591
    0.0038247866
    0.0043518481
    0.0042707344
    0.0035824544
    0.0045632882
    0.0048597962
    0.0046449842
    0.0043848878
    0.0051258158
    0.0052040144
    0.0039403234
    0.0050188890
    0.0054778316
    0.0053467296
    0.0046255132
    0.0054157521
    0.0055824443
    0.0050757195
    0.0055354907
    0.0029917064
    0.0031119676
    0.0039402239
    0.0037222882
    0.0032055198
    0.0028760332
    0.0043894300
    0.0047526834
    0.0042939572
    0.0037691375
    0.0041516224
    0.0053134221
    0.0053226439
    0.0048079962
    0.0034626163
    0.0051831278
    0.0059704166
    0.0057857710
    0.0052182801
    0.0026863939
    0.0045517108
    0.0060019840
    0.0064516586
    0.0060824528
    0.0054151391
    0.0037661972
    0.0055080303
    0.0065868523
    0.0066609795
    0.0061198300
    0.0047722858
    0.0062136217
    0.0068003024
    0.0065531215
    0.0039934939
    0.0055474264
    0.0065092451
    0.0066409210
    0.0062158828
    0.0047667338
    0.0059337294
    0.0064037462
    0.0062538660
    0.0059291120
    0.0023368205
    0.0023954147
    0.0018179490
    0.0031045376
    0.0039588987
    0.0032844542
    0.0024919064
    0.0030740735
    0.0051186564
    0.0050628976
    0.0039063049
    0.0031912610
    0.0023315082
    0.0051125020
    0.0064832321
    0.0056016063
    0.0045240162
    0.0039165521
    0.0013941795
    0.0040592554
    0.0066139490
    0.0070599121
    0.0060667248
    0.0052082914
    0.0045154348
    0.0027891526
    0.0055290010
    0.0074680177
    0.0074796615
    0.0066078949
    0.0057380144
    0.0017991353
    0.0041746916
    0.0067244254
    0.0081377906
    0.0078568327
    0.0069323830
    0.0059107482
    0.0030845409
    0.0055501529
    0.0077656854
    0.0085109827
    0.0078689132
    0.0068569794
    0.0022752118
    0.0044573647
    0.0068089247
    0.0083171915
    0.0083067742
    0.0074896130
    0.0064579730
    0.0035177025
    0.0057337886
    0.0075501875
    0.0081525054
    0.0077152302
    0.0068899341
    0.0046726198
    0.0065562307
    0.0075678221
    0.0075565187
    0.0070047716
    0.0054704296
    0.0067414197
    0.0071115417
    0.0068539505
    0.0057697086
    0.0064642997
    0.0065038654
    0.0011640999
    0.0011561325
    0.0005905392
    0.0002296518
    0.0023954588
    0.0032200652
    0.0022192997
    0.0013230618
    0.0028592088
    0.0055151839
    0.0049012261
    0.0029252046
    0.0021181382
    0.0022110456
    0.0064942630
    0.0055408769
    0.0035813718
    0.0030602082
    0.0010210161
    0.0052187692
    0.0057529897
    0.0045330574
    0.0040090978
   -0.0000022149
    0.0030512471
    0.0064934708
    0.0055797612
    0.0046925706
    0.0014130800
    0.0050459577
    0.0074512618
    0.0062279315
    0.0004787923
    0.0029767758
    0.0093623868
    0.0078529206
    0.0062875880
    0.0018380890
    0.0047558736
    0.0091697032
    0.0075409796
    0.0011583797
    0.0035026564
    0.0068434829
    0.0098326202
    0.0084005378
    0.0068628281
    0.0025800551
    0.0053990125
    0.0085930924
    0.0097958502
    0.0086955328
    0.0074525110
    0.0041188143
    0.0069900374
    0.0090609934
    0.0092618259
    0.0085453477
    0.0076367399
    0.0054112896
    0.0076245107
    0.0084478133
    0.0081362993
    0.0075075399
    0.0060830101
    0.0073713675
    0.0075459863
    0.0071878307
    0.0061282504
    0.0067616297
    0.0067276448
   -0.0007496272
   -0.0006955272
   -0.0012920220
    0.0005612231
    0.0012474152
    0.0003875023
   -0.0002344997
   -0.0013627129
    0.0015116994
    0.0042141639
    0.0033574707
    0.0012118676
    0.0006101293
    0.0013435256
    0.0045063648
    0.0019170397
    0.0016821611
    0.0002225565
    0.0030174109
    0.0029265450
   -0.0009638526
    0.0035197949
    0.0045925632
    0.0040348080
   -0.0017033052
    0.0008826721
    0.0071247367
    0.0059751377
   -0.0005157301
    0.0030597783
    0.0086993655
    0.0065475135
   -0.0010867514
    0.0009779591
    0.0088083996
    0.0063965889
    0.0001697920
    0.0029397540
    0.0108597679
    0.0079890276
   -0.0001892333
    0.0019066145
    0.0116633309
    0.0092224260
    0.0012358987
    0.0042810797
    0.0096306295
    0.0078058391
    0.0029913499
    0.0069022780
    0.0105759422
    0.0093444069
    0.0081197772
    0.0047676163
    0.0084870953
    0.0106479870
    0.0098868961
    0.0088461907
    0.0080141208
    0.0059892461
    0.0084386797
    0.0089479388
    0.0083195935
    0.0076962675
    0.0063648658
    0.0076115508
    0.0076555580
    0.0072767070
    0.0067676337
   -0.0020774996
   -0.0015857209
   -0.0019311797
   -0.0019819641
   -0.0011392863
    0.0007579453
    0.0001988982
   -0.0011118838
   -0.0011493053
   -0.0008291222
    0.0016615736
   -0.0003243530
   -0.0000453648
   -0.0014586782
    0.0008182016
    0.0013436313
   -0.0024590289
    0.0026455453
    0.0027854925
   -0.0031590735
   -0.0000614431
    0.0047212342
    0.0039041175
   -0.0019299279
    0.0060912851
   -0.0025994485
   -0.0002016459
    0.0064325556
   -0.0014143195
    0.0091568921
   -0.0016393171
    0.0003783798
    0.0079096237
   -0.0000909872
    0.0095420521
   -0.0003098113
    0.0022905725
    0.0103380036
    0.0078118520
    0.0013906258
    0.0055600026
    0.0100481824
    0.0083488164
    0.0033789793
    0.0104885453
    0.0093382459
    0.0083711082
    0.0051235721
    0.0092776138
    0.0098978162
    0.0087467174
    0.0080825608
    0.0060494078
    0.0084273805
    0.0088290895
    0.0082038920
    0.0076823461
    0.0061644529
    0.0073528127
    0.0074750804
    0.0072049160
   -0.0043603107
   -0.0041822215
   -0.0042460053
   -0.0033214757
   -0.0034000843
   -0.0035796595
   -0.0029141066
   -0.0039191646
   -0.0014276178
   -0.0005726700
   -0.0023047038
   -0.0028087129
   -0.0018665605
   -0.0040816417
   -0.0015182851
   -0.0016731646
   -0.0004774360
   -0.0046156590
    0.0001130899
    0.0011115384
   -0.0050437712
   -0.0022611393
    0.0024451954
    0.0025745868
   -0.0039848915
    0.0045412193
   -0.0045975930
   -0.0017860184
    0.0056676127
   -0.0044520582
   -0.0036138516
    0.0095375971
    0.0058919500
   -0.0037162909
    0.0084677960
   -0.0032989648
   -0.0023519228
    0.0073250327
   -0.0021102258
    0.0003241739
    0.0090764013
   -0.0001412804
    0.0103090472
   -0.0003469668
    0.0028611236
    0.0104448598
    0.0082296038
    0.0015104814
    0.0063835647
    0.0097832997
    0.0085030153
    0.0034546028
    0.0085565911
    0.0099487203
    0.0090795810
    0.0083660551
    0.0049129724
    0.0085372065
    0.0103214460
    0.0093506003
    0.0085353356
    0.0080237525
    0.0055750215
    0.0076214587
    0.0082037145
    0.0079361994
    0.0075840678
    0.0067894653
    0.0071248737
   -0.0065859961
   -0.0063225867
   -0.0056810040
   -0.0068917094
   -0.0061699207
   -0.0058281364
   -0.0059120118
   -0.0051126931
   -0.0069743878
   -0.0054406925
   -0.0043027259
   -0.0052828941
   -0.0040896968
   -0.0022464558
   -0.0071507679
   -0.0052342866
   -0.0042885166
   -0.0024558455
   -0.0006702948
   -0.0072303720
   -0.0059813776
   -0.0002265864
   -0.0068687031
    0.0012415756
    0.0021627045
   -0.0070969248
    0.0040005806
   -0.0066464552
   -0.0065621760
    0.0077512125
    0.0049500232
   -0.0064269292
    0.0079361346
   -0.0055788411
   -0.0055470647
    0.0072966774
   -0.0047611092
    0.0101276170
   -0.0038139915
   -0.0029494167
    0.0081660342
   -0.0023820193
    0.0095710089
   -0.0000924656
    0.0102435562
   -0.0003334777
    0.0029597973
    0.0108872366
    0.0100586388
    0.0014814773
    0.0057850886
    0.0099158474
    0.0094900585
    0.0084832521
    0.0031770884
    0.0071118202
    0.0094253404
    0.0089220537
    0.0082991370
    0.0043531183
    0.0070968045
    0.0086780700
    0.0086466176
    0.0083395081
    0.0066526600
    0.0074779851
    0.0076121168
   -0.0092710185
   -0.0091355897
   -0.0084195634
   -0.0068533015
   -0.0096171465
   -0.0094621995
   -0.0093050469
   -0.0082772287
   -0.0060954986
   -0.0097993719
   -0.0088120069
   -0.0083970211
   -0.0090016622
   -0.0075062028
   -0.0047018319
   -0.0100389947
   -0.0057937416
   -0.0026922079
   -0.0101961747
   -0.0029283186
   -0.0003359347
   -0.0099069694
   -0.0098379108
    0.0008037617
    0.0018580642
   -0.0090731980
   -0.0104279143
    0.0041475681
    0.0034307732
   -0.0097265628
    0.0059466501
   -0.0083306529
   -0.0097127275
    0.0064137222
   -0.0082537247
    0.0099592719
   -0.0065138144
   -0.0071238834
    0.0083648358
   -0.0054740358
    0.0107537252
   -0.0040625965
   -0.0032006569
    0.0125267146
    0.0086150923
   -0.0024372451
    0.0008954845
    0.0126104977
    0.0096216500
   -0.0001163404
    0.0114968435
    0.0099958380
    0.0024948735
    0.0104922405
    0.0098321562
    0.0045731870
    0.0105392095
    0.0098074650
    0.0093994392
    0.0056353760
    0.0082926688
    0.0091624213
    0.0090630402
    0.0088257019
    0.0059394437
    0.0074568887
    0.0080487379
    0.0081077470
   -0.0123547517
   -0.0118422566
   -0.0100508407
   -0.0126661288
   -0.0136658253
   -0.0138386302
   -0.0126466910
   -0.0097729975
   -0.0063481102
   -0.0130939095
   -0.0144669846
   -0.0148235491
   -0.0147559316
   -0.0126185808
   -0.0085210617
   -0.0046451208
   -0.0130764555
   -0.0149440063
   -0.0061571056
   -0.0024788240
   -0.0125090587
   -0.0151686413
   -0.0029170767
   -0.0002262403
   -0.0147040996
    0.0005109142
   -0.0133157065
    0.0032187656
   -0.0113264985
   -0.0149705223
    0.0047715401
   -0.0124884133
    0.0079347791
   -0.0097872883
   -0.0126992049
    0.0076936589
   -0.0096395414
    0.0109033914
   -0.0070129836
   -0.0080864288
    0.0090109412
   -0.0056948140
    0.0107594765
   -0.0032099112
    0.0117576260
   -0.0022595027
    0.0003459691
    0.0118044815
    0.0096152379
   -0.0001018971
    0.0039136905
    0.0117405953
    0.0113109453
    0.0098949003
    0.0020581710
    0.0060707792
    0.0108411329
    0.0106173242
    0.0097540352
    0.0037316221
    0.0067923080
    0.0089840746
    0.0096663445
    0.0097553882
    0.0093012348
    0.0068606288
    0.0081850270
    0.0087023041
   -0.0153052672
   -0.0155607725
   -0.0139294342
   -0.0107491260
   -0.0171896697
   -0.0187432833
   -0.0181136333
   -0.0147579119
   -0.0100627201
   -0.0184441221
   -0.0214285262
   -0.0224990555
   -0.0200430358
   -0.0142628315
   -0.0082917617
   -0.0188209854
   -0.0231208342
   -0.0118472401
   -0.0055525874
   -0.0181466710
   -0.0237396836
   -0.0076153427
   -0.0023465847
   -0.0164534831
   -0.0229807636
   -0.0024931267
    0.0006281941
   -0.0140937155
   -0.0205359822
    0.0020619296
    0.0028276639
   -0.0169932051
    0.0049426900
   -0.0133175929
   -0.0197344765
    0.0061957542
   -0.0147241063
    0.0094155090
   -0.0106068517
   -0.0148485521
    0.0086981556
   -0.0101556680
    0.0112500228
   -0.0068975573
   -0.0081662725
    0.0133942949
    0.0094581109
   -0.0053179084
   -0.0042406578
    0.0143168953
    0.0108324365
   -0.0028247509
    0.0140986209
    0.0116220036
    0.0001717082
    0.0132987393
    0.0117619034
    0.0028889420
    0.0072243181
    0.0107253871
    0.0118736670
    0.0121244447
    0.0113570977
    0.0047472153
    0.0078138823
    0.0098313694
    0.0106768975
    0.0105374449
    0.0057343707
    0.0078285405
    0.0090830658
    0.0094399043
   -0.0187512543
   -0.0179701225
   -0.0147122271
   -0.0190503213
   -0.0225330882
   -0.0236523188
   -0.0207733186
   -0.0149844122
   -0.0199759946
   -0.0256865537
   -0.0299670377
   -0.0293030909
   -0.0223841485
   -0.0136527524
   -0.0070716335
   -0.0197226313
   -0.0273722583
   -0.0211210627
   -0.0104857092
   -0.0043066722
   -0.0182956982
   -0.0269989287
   -0.0060623310
   -0.0245312035
   -0.0084331357
   -0.0015276630
   -0.0206717393
   -0.0009173333
    0.0020692942
   -0.0164639163
   -0.0268369871
    0.0043398238
    0.0042967180
   -0.0200197100
    0.0069080557
   -0.0144422016
   -0.0233141635
    0.0111947905
    0.0076361335
   -0.0155919460
    0.0106787123
   -0.0104484726
   -0.0151040133
    0.0141131263
    0.0095744168
   -0.0094922872
   -0.0118288253
    0.0169258658
    0.0117517580
   -0.0070934610
    0.0182140654
    0.0134844402
   -0.0043715824
   -0.0033998856
    0.0179104689
    0.0143819675
   -0.0019826779
    0.0006816970
    0.0162458256
    0.0143162165
    0.0115870671
    0.0005813529
    0.0039883640
    0.0085481735
    0.0121933920
    0.0138379766
    0.0133826083
    0.0115943806
    0.0060144537
    0.0092338773
    0.0113363137
    0.0118689043
    0.0069378651
    0.0090528255
    0.0101226312
   -0.0205304001
   -0.0212007628
   -0.0186855603
   -0.0239998550
   -0.0274424471
   -0.0265025024
   -0.0206902191
   -0.0133759710
   -0.0264427384
   -0.0339216318
   -0.0373337423
   -0.0319085454
   -0.0208543469
   -0.0112945046
   -0.0270692159
   -0.0179906040
   -0.0078774795
   -0.0255764854
   -0.0122203616
   -0.0038934255
   -0.0223986237
   -0.0373292548
   -0.0053659098
   -0.0002700294
   -0.0184508578
   -0.0311444938
    0.0004616410
   -0.0240255903
    0.0025692637
    0.0042302951
   -0.0177403893
   -0.0313346661
    0.0075415917
    0.0060660827
   -0.0210877068
    0.0134402968
    0.0091686680
   -0.0141765088
   -0.0235216875
    0.0135051826
    0.0090722345
   -0.0144899664
   -0.0227938193
    0.0187070033
    0.0120539738
   -0.0129383967
    0.0151361775
   -0.0077723243
   -0.0090173601
    0.0175843993
    0.0122367741
   -0.0051390351
   -0.0034239816
    0.0186199266
    0.0136646130
   -0.0017740027
    0.0020453317
    0.0090992072
    0.0197133479
    0.0178704800
    0.0142475722
    0.0015378951
    0.0059072104
    0.0112617045
    0.0151213301
    0.0157255320
    0.0138510870
    0.0041034689
    0.0078912574
    0.0113352451
    0.0130306643
    0.0126422693
    0.0084708636
    0.0104387950
   -0.0226763939
   -0.0216572567
   -0.0173992470
   -0.0230441951
   -0.0281684364
   -0.0299020327
   -0.0257990694
   -0.0179849261
   -0.0243260583
   -0.0330589060
   -0.0402420197
   -0.0392569992
   -0.0286865135
   -0.0165677341
   -0.0239253673
   -0.0357525373
   -0.0278366134
   -0.0128114709
   -0.0219136775
   -0.0350486982
   -0.0215357577
   -0.0075236563
   -0.0311076699
   -0.0116044106
   -0.0022474043
   -0.0254117845
   -0.0022141806
    0.0018071415
   -0.0196312061
   -0.0353072480
    0.0040257414
   -0.0249483205
    0.0088141697
    0.0070655034
   -0.0172789134
   -0.0309600867
    0.0116707717
   -0.0193637057
    0.0188540716
    0.0115149595
   -0.0196895757
    0.0283447609
    0.0160342621
   -0.0117210692
   -0.0166319394
    0.0208549457
    0.0131295530
   -0.0092733052
   -0.0097991990
    0.0243761420
    0.0157735883
   -0.0052409582
   -0.0013880328
    0.0248334612
    0.0175153156
   -0.0005790223
    0.0054317485
    0.0148775083
    0.0221198570
    0.0220716412
    0.0177428322
    0.0034524422
    0.0092102095
    0.0151257978
    0.0177523833
    0.0164209938
    0.0061045859
    0.0104274828
    0.0135498506
    0.0141290851
   -0.0221350535
   -0.0227534494
   -0.0198463029
   -0.0260749455
   -0.0298029020
   -0.0284661430
   -0.0218776804
   -0.0139468634
   -0.0288694333
   -0.0373247210
   -0.0407668365
   -0.0341427157
   -0.0218529850
   -0.0116464704
   -0.0295543493
   -0.0431876675
   -0.0185518762
   -0.0079796650
   -0.0277899807
   -0.0122114220
   -0.0241532162
   -0.0412273994
   -0.0049174031
   -0.0197378244
   -0.0339651684
   -0.0057924911
    0.0010413087
   -0.0258890667
    0.0041529318
   -0.0189344420
   -0.0340482514
    0.0088382152
   -0.0226095316
    0.0166207030
    0.0100684221
   -0.0253145898
    0.0155617620
   -0.0154436057
   -0.0245732512
    0.0229717251
   -0.0137977877
    0.0306530745
    0.0173598279
   -0.0095898765
   -0.0064122803
    0.0346508056
    0.0209664542
   -0.0035604407
    0.0047088184
    0.0321894491
    0.0226897646
    0.0023932054
    0.0113524469
    0.0217444218
    0.0254846180
    0.0217366031
    0.0066250920
    0.0134786281
    0.0184707243
    0.0187198161
    0.0130142747
   -0.0218591620
   -0.0206069455
   -0.0224554754
   -0.0268636780
   -0.0278754195
   -0.0237465670
   -0.0165727117
   -0.0236284224
   -0.0312270777
   -0.0366428671
   -0.0347104661
   -0.0252717719
   -0.0147826344
   -0.0232112013
   -0.0335561259
   -0.0232563103
   -0.0109517167
   -0.0212867071
   -0.0328465178
   -0.0167837628
   -0.0059161225
   -0.0292819274
   -0.0077206889
   -0.0010729505
   -0.0241411417
   -0.0416633198
    0.0004414415
   -0.0320818957
    0.0057135305
    0.0056126679
   -0.0232370914
    0.0122215146
   -0.0274980763
    0.0134231766
   -0.0178809546
   -0.0292536945
    0.0223199588
   -0.0174441670
    0.0176403002
   -0.0138306384
    0.0234762350
   -0.0082471616
   -0.0069659644
    0.0278423665
   -0.0042186788
    0.0010520658
    0.0148573327
    0.0284201515
    0.0003101033
    0.0073546518
    0.0182022798
    0.0260364300
    0.0250297026
    0.0106259127
    0.0171921232
    0.0197846894
   -0.0226515911
   -0.0248508844
   -0.0231351753
   -0.0178038966
   -0.0247318485
   -0.0300105292
   -0.0309915462
   -0.0255209097
   -0.0167374500
   -0.0251761814
   -0.0337648366
   -0.0395444174
   -0.0248062302
   -0.0132106529
   -0.0237773998
   -0.0346602602
   -0.0191618144
   -0.0077229418
   -0.0209419691
   -0.0321929654
   -0.0093959798
   -0.0018745010
   -0.0272810365
    0.0005862941
   -0.0215745211
   -0.0350869094
    0.0072564997
   -0.0259537950
    0.0178438425
    0.0101009998
   -0.0184074014
   -0.0287591016
    0.0184025151
   -0.0189825992
    0.0160821010
   -0.0125580912
   -0.0164335429
    0.0234903964
   -0.0104296755
   -0.0097055079
    0.0309576475
   -0.0063228021
   -0.0002253853
    0.0347367758
    0.0210345230
   -0.0010008315
    0.0082877384
    0.0246211842
    0.0323470964
    0.0227526003
    0.0040172941
    0.0130555375
    0.0227696699
    0.0258289145
    0.0218252031
    0.0141893485
    0.0188419702
   -0.0208532711
   -0.0207221012
   -0.0174244387
   -0.0234829014
   -0.0255016424
   -0.0230897284
   -0.0169559613
   -0.0247646405
   -0.0295907275
   -0.0295048028
   -0.0230080195
   -0.0140135515
   -0.0242321219
   -0.0316593143
   -0.0184661701
   -0.0086302591
   -0.0220032538
   -0.0308271846
   -0.0092046585
   -0.0022238727
   -0.0273125059
    0.0015833006
    0.0032218016
   -0.0223345176
   -0.0316781975
    0.0094635104
   -0.0172773177
   -0.0248619148
    0.0128197854
   -0.0182988014
   -0.0233530806
    0.0240639411
   -0.0166941804
    0.0203582712
   -0.0115511454
   -0.0109036062
    0.0294563689
   -0.0077974844
   -0.0012329995
    0.0368309209
    0.0211324225
   -0.0021873281
    0.0088968068
    0.0376384085
    0.0246054882
    0.0037558884
    0.0153736949
    0.0284391920
    0.0315857638
    0.0250797037
    0.0082505870
    0.0171714331
    0.0232069008
    0.0224326801
   -0.0201739959
   -0.0194772498
   -0.0157119310
   -0.0218623470
   -0.0228067884
   -0.0195206139
   -0.0133781402
   -0.0221251062
   -0.0249656484
   -0.0228434920
   -0.0160037636
   -0.0085441343
   -0.0208278260
   -0.0252380163
   -0.0246339758
   -0.0171895589
   -0.0081112748
   -0.0021762394
   -0.0183212907
   -0.0234749691
   -0.0244882157
    0.0022440842
    0.0037483031
   -0.0201808155
   -0.0226043104
    0.0108734821
   -0.0162734769
   -0.0192803611
    0.0150057258
   -0.0152886542
   -0.0127205643
    0.0270553237
    0.0152882973
   -0.0115475232
   -0.0107910879
    0.0010800653
    0.0235355178
   -0.0084180987
   -0.0022823570
    0.0321686944
    0.0188560061
   -0.0031279601
    0.0080606082
    0.0365958884
    0.0235766383
    0.0031710663
    0.0160093877
    0.0306819587
    0.0336684324
    0.0258619586
    0.0085211679
    0.0190653376
    0.0260592799
    0.0245421030
    0.0182628095
    0.0205508236
   -0.0174252489
   -0.0158878897
   -0.0119427710
   -0.0180584950
   -0.0173776426
   -0.0133240980
   -0.0079242763
   -0.0175637321
   -0.0178312964
   -0.0137577160
   -0.0072760944
   -0.0021611925
   -0.0160411401
   -0.0171691483
   -0.0132850517
   -0.0050512165
    0.0014727262
    0.0037602250
   -0.0155370211
   -0.0124523204
   -0.0023608495
    0.0076180602
    0.0099598318
    0.0080964598
   -0.0132556676
   -0.0114455882
   -0.0013851324
    0.0191916503
    0.0150678995
   -0.0100575842
   -0.0023506291
    0.0244254766
    0.0162170836
   -0.0083529826
   -0.0035072791
    0.0105346101
    0.0234412604
   -0.0038627279
    0.0054559594
    0.0220333320
    0.0291195792
    0.0197656943
    0.0020634132
    0.0137632736
    0.0268538060
    0.0298076218
    0.0232598492
    0.0077687497
    0.0183287560
    0.0252939509
    0.0237415651
    0.0115759086
    0.0187702507
    0.0210909355
   -0.0133442795
   -0.0110113534
   -0.0072051029
   -0.0132480581
   -0.0111425696
   -0.0067748623
   -0.0024459970
   -0.0107824502
   -0.0058073837
   -0.0002042543
    0.0029354912
   -0.0100804432
   -0.0049116093
    0.0025191821
    0.0070676520
   -0.0090978272
   -0.0045550855
    0.0042249307
    0.0115832559
    0.0125870534
   -0.0045355664
    0.0039001433
    0.0140835259
    0.0179011186
    0.0149661506
    0.0022411315
    0.0129904451
    0.0206761543
    0.0197477207
    0.0005705074
    0.0095310618
    0.0192006850
    0.0221419645
    0.0183053828
    0.0148521147
    0.0208317981
    0.0200469011
    0.0168711059
    0.0191424586
   -0.0058614803
   -0.0017404965
   -0.0006624884
    0.0038109274
   -0.0001755715
    0.0056374138
    0.0088452261
    0.0061470289
    0.0112068908
    0.0117012558
    0.0144119697
    0.0102203729
    0.0148536971
