   -0.0012648685    -0.0008292521    -0.0003087060
   -0.0010423288    -0.0009351833     0.0001166493
   -0.0012930380    -0.0005690755    -0.0006696892
   -0.0013719776    -0.0007443243    -0.0001277589
   -0.0011062350    -0.0008533021     0.0001985714
   -0.0010534831    -0.0003613040    -0.0009435868
   -0.0014633991    -0.0004921730    -0.0004833615
   -0.0014353380    -0.0006585788     0.0000116347
   -0.0011792377    -0.0007220815     0.0002686967
   -0.0012952252    -0.0002903295    -0.0007984748
   -0.0015801162    -0.0004053968    -0.0002928965
   -0.0014729321    -0.0005103807     0.0001387990
   -0.0010048201    -0.0001874982    -0.0009686774
   -0.0014891795    -0.0001908685    -0.0005989921
   -0.0016205575    -0.0002503023    -0.0000936489
   -0.0014307133    -0.0003063919     0.0002506408
   -0.0012523545    -0.0000686149    -0.0008019106
   -0.0015712695    -0.0000301682    -0.0003562018
   -0.0015343209    -0.0000585148     0.0000812148
   -0.0013819658     0.0000993617    -0.0005639461
   -0.0014946872     0.0001424243    -0.0001266601
   -0.0009176049    -0.0014313621     0.0001581664
   -0.0013136213    -0.0010829561    -0.0010253835
   -0.0016010802    -0.0013114524    -0.0001705515
   -0.0009964998    -0.0013141111     0.0003756119
   -0.0004714895    -0.0012119581     0.0003462832
   -0.0010221260    -0.0006665339    -0.0013733153
   -0.0018908803    -0.0009043729    -0.0007554130
   -0.0016991716    -0.0011361963     0.0001524689
   -0.0010006956    -0.0012282468     0.0004244817
   -0.0006415210    -0.0011597377     0.0003512919
   -0.0015456324    -0.0004728690    -0.0012642314
   -0.0020696492    -0.0007317670    -0.0004060624
   -0.0016324918    -0.0010524425     0.0002881746
   -0.0011120363    -0.0011406366     0.0004205853
   -0.0009099833    -0.0002715046    -0.0014432222
   -0.0018292590    -0.0003541424    -0.0010132354
   -0.0020688422    -0.0006949751    -0.0001636507
   -0.0016690867    -0.0009501522     0.0003498888
   -0.0012744295    -0.0009432195     0.0004665271
   -0.0003990018    -0.0002606665    -0.0013664124
   -0.0012646507    -0.0002036780    -0.0013390595
   -0.0020280081    -0.0003358202    -0.0007453121
   -0.0021126923    -0.0005896994     0.0000417997
   -0.0017198059    -0.0006949181     0.0004338666
   -0.0013367777    -0.0006505028     0.0005468386
   -0.0007737161    -0.0002104860    -0.0013783739
   -0.0016339708    -0.0001500524    -0.0011394507
   -0.0021906755    -0.0002028175    -0.0004225273
   -0.0020518413    -0.0003132125     0.0002470961
   -0.0016412878    -0.0003675726     0.0005118094
   -0.0012034285    -0.0001088504    -0.0012725230
   -0.0019243772     0.0000303037    -0.0008055634
   -0.0021188714     0.0000630822    -0.0000772826
   -0.0018161367    -0.0000172295     0.0003805413
   -0.0008559274    -0.0000976934    -0.0012483400
   -0.0015507485     0.0001096694    -0.0010039175
   -0.0019320466     0.0002879718    -0.0004012763
   -0.0018199433     0.0002895537     0.0001604711
   -0.0015079738     0.0001810354     0.0004356047
   -0.0011863563     0.0001355438    -0.0010662837
   -0.0016373821     0.0003687903    -0.0006313422
   -0.0016837500     0.0004707656    -0.0000858923
   -0.0014705757     0.0004032406     0.0002703981
   -0.0014757843     0.0005406601    -0.0003024985
   -0.0009109964    -0.0020595554    -0.0005097534
   -0.0005880618    -0.0019224814     0.0003356043
    0.0000637520    -0.0014499700     0.0004064695
   -0.0014951403    -0.0018790337    -0.0012618115
   -0.0018299639    -0.0022009409     0.0000568740
   -0.0007363400    -0.0017950076     0.0007169332
   -0.0000096314    -0.0014185484     0.0004126376
   -0.0013715246    -0.0012258743    -0.0019091648
   -0.0029332173    -0.0018387598    -0.0008517469
   -0.0021776181    -0.0018923878     0.0007511647
   -0.0006477330    -0.0016263276     0.0007616493
   -0.0002043879    -0.0014365553     0.0003473578
   -0.0006508846    -0.0006125806    -0.0020036354
   -0.0027621078    -0.0009101708    -0.0018797684
   -0.0036052326    -0.0013361294    -0.0000072839
   -0.0018235126    -0.0015941859     0.0009655198
   -0.0007198545    -0.0015981172     0.0005939001
   -0.0005440963    -0.0014147917     0.0003757140
    0.0000473094    -0.0003617846    -0.0016813302
   -0.0015051121    -0.0002587620    -0.0021981381
   -0.0035197694    -0.0003761250    -0.0012901435
   -0.0031278814    -0.0010810889     0.0004859143
   -0.0016170224    -0.0015728212     0.0007726914
   -0.0010753570    -0.0015159473     0.0005372587
   -0.0008649585    -0.0012363862     0.0005249199
   -0.0003919549    -0.0001780610    -0.0019186731
   -0.0020780561     0.0000549713    -0.0019963959
   -0.0033671488    -0.0003411062    -0.0007163636
   -0.0027389401    -0.0011931899     0.0005149823
   -0.0018393380    -0.0014014744     0.0006733285
   -0.0014137639    -0.0012049828     0.0006538758
    0.0001509959    -0.0003067620    -0.0015306458
   -0.0008343017    -0.0000917377    -0.0019658477
   -0.0024165006    -0.0000308850    -0.0016636512
   -0.0033071823    -0.0005367143    -0.0003590560
   -0.0027196811    -0.0009442025     0.0005983783
   -0.0020190250    -0.0009264978     0.0007313745
   -0.0014766540    -0.0007680131     0.0007959043
   -0.0002494829    -0.0003044608    -0.0017022408
   -0.0014244305    -0.0001451213    -0.0018977925
   -0.0028975858    -0.0000804726    -0.0012335142
   -0.0032387194    -0.0002343075     0.0001036171
   -0.0025142877    -0.0003866199     0.0006949354
   -0.0018866111    -0.0004116510     0.0008080437
   -0.0000151822    -0.0003833642    -0.0014329503
   -0.0008644441    -0.0002733279    -0.0017861654
   -0.0021664099    -0.0000104931    -0.0015965763
   -0.0030462210     0.0002815421    -0.0005494070
   -0.0027146623     0.0002380746     0.0004386306
   -0.0020869988     0.0000643157     0.0007147640
   -0.0015533677    -0.0000661150     0.0008170076
   -0.0005304125    -0.0002750456    -0.0015826180
   -0.0015874776    -0.0000250936    -0.0016354269
   -0.0025242362     0.0004095743    -0.0009615658
   -0.0025602600     0.0006420120     0.0000289175
   -0.0020637243     0.0004958657     0.0005272196
   -0.0016280203     0.0002864274     0.0006897326
   -0.0010949772     0.0000134327    -0.0015388500
   -0.0019938943     0.0004147600    -0.0011643185
   -0.0022434713     0.0007545870    -0.0003322270
   -0.0019107125     0.0007533342     0.0002743619
   -0.0015535420     0.0005594733     0.0005147254
   -0.0014405710     0.0004096181    -0.0012334036
   -0.0018743385     0.0007549020    -0.0006129714
   -0.0017210589     0.0008446176     0.0000128466
   -0.0014241609     0.0007171031     0.0003279919
   -0.0014308327     0.0007045973    -0.0008070459
   -0.0014979064     0.0008540704    -0.0002399385
   -0.0012931127     0.0007867085     0.0001380299
   -0.0001095018    -0.0024813783    -0.0004589829
    0.0001805074    -0.0021913490     0.0003713276
    0.0006699291    -0.0014679618     0.0003451822
    0.0002711208    -0.0015273192    -0.0016081130
   -0.0009676154    -0.0028369042    -0.0013791280
   -0.0012845545    -0.0032747778     0.0002444873
   -0.0000575821    -0.0022338490     0.0009254567
    0.0006048386    -0.0014692726     0.0003648169
   -0.0012977778    -0.0022943820    -0.0024709899
   -0.0035853926    -0.0038895828    -0.0009696857
   -0.0022768049    -0.0033111387     0.0015255490
    0.0000204644    -0.0019791622     0.0010836258
    0.0004210987    -0.0015435887     0.0002406276
   -0.0006727279    -0.0012218440    -0.0028137030
   -0.0047026903    -0.0027755716    -0.0030756287
   -0.0019886891    -0.0025516030     0.0022379052
    0.0000446845    -0.0019157543     0.0007410819
    0.0000100279    -0.0016850352     0.0002057451
    0.0002472260    -0.0005247829    -0.0023015347
   -0.0030039311    -0.0008378109    -0.0039199845
   -0.0012023051    -0.0022461586     0.0016268331
   -0.0004480646    -0.0020794576     0.0004645821
   -0.0005053473    -0.0016836989     0.0003987635
    0.0007973896    -0.0003597274    -0.0015974862
   -0.0006739524    -0.0000578088    -0.0030801729
   -0.0014923415    -0.0024081488     0.0009246553
   -0.0012162026    -0.0019925108     0.0006163527
   -0.0008607090    -0.0014170088     0.0006933094
    0.0004958139    -0.0001876925    -0.0020579411
   -0.0016449302     0.0006296030    -0.0033760886
   -0.0023719775    -0.0020448349     0.0008855956
   -0.0016352361    -0.0014787848     0.0009627607
    0.0008007030    -0.0004183312    -0.0014204323
    0.0000953691    -0.0000937611    -0.0023581342
   -0.0037630547    -0.0014662263     0.0011867774
   -0.0026334130    -0.0011632769     0.0011523946
   -0.0015461266    -0.0008607719     0.0011406495
    0.0004809947    -0.0004877302    -0.0017598656
   -0.0006582699    -0.0003088719    -0.0026173021
   -0.0033545707    -0.0003570968     0.0011743510
   -0.0021743750    -0.0004100031     0.0012503571
    0.0005072013    -0.0005669032    -0.0013829527
   -0.0002065475    -0.0005844426    -0.0021452047
   -0.0021825242    -0.0004057999    -0.0027477053
   -0.0034092873     0.0006087866     0.0010539448
   -0.0024705654     0.0002537092     0.0011187894
   -0.0015841962    -0.0000288557     0.0011415898
   -0.0000109284    -0.0005242692    -0.0017526525
   -0.0013957994    -0.0003868529    -0.0024185677
   -0.0036460506     0.0002767121    -0.0020672592
   -0.0030669072     0.0012440606     0.0007434372
   -0.0022862269     0.0008094810     0.0008657837
   -0.0017133739     0.0004181416     0.0009916695
   -0.0007602039    -0.0002252253    -0.0020078231
   -0.0024980670     0.0003358855    -0.0020988574
   -0.0035478566     0.0011355126    -0.0008233733
   -0.0027248813     0.0013851773     0.0003522602
   -0.0019433302     0.0010839979     0.0006286604
   -0.0015937095     0.0007390257     0.0007447627
   -0.0014267967     0.0003516892    -0.0018807856
   -0.0026126576     0.0010666938    -0.0012326575
   -0.0024521167     0.0013538272    -0.0000591133
   -0.0017201975     0.0011577363     0.0004078463
   -0.0013880336     0.0008849159     0.0005258602
   -0.0016157800     0.0008790744    -0.0013631537
   -0.0019856635     0.0012773565    -0.0005070434
   -0.0015839764     0.0011731720     0.0001474707
   -0.0012348770     0.0009359147     0.0003494699
   -0.0013854717     0.0010738309    -0.0008054692
   -0.0013734904     0.0011427299    -0.0001689684
   -0.0011279779     0.0009592949     0.0001663086
    0.0010218385    -0.0022109253    -0.0003722164
    0.0011603991    -0.0019046290     0.0002095041
    0.0011118568    -0.0015916129    -0.0013604296
    0.0004346075    -0.0030975918    -0.0011814187
    0.0002880006    -0.0035214930     0.0002349446
    0.0010158371    -0.0022163539     0.0007503345
    0.0012443900    -0.0012928994     0.0001391941
    0.0011758631    -0.0012172750    -0.0016422089
   -0.0001124307    -0.0032111280    -0.0025087969
   -0.0019776984    -0.0057305705    -0.0009253240
   -0.0008149734    -0.0044929904     0.0017736068
    0.0010172300    -0.0020857412     0.0010514887
    0.0010846829    -0.0014172609     0.0000035573
    0.0000479460    -0.0021742727    -0.0033314547
   -0.0011691369    -0.0039863306     0.0033532838
    0.0010412032    -0.0019442433     0.0007116655
    0.0006962594    -0.0016877754    -0.0000965896
    0.0007807488    -0.0009701919    -0.0029088782
    0.0005691362    -0.0022945460     0.0002030123
    0.0001035455    -0.0019397584     0.0000841124
    0.0013385787    -0.0004397591    -0.0019263843
   -0.0011562213    -0.0006453371    -0.0053715125
   -0.0005144605    -0.0027376856     0.0003060025
   -0.0004492171    -0.0018854334     0.0005068125
    0.0014770022    -0.0003959348    -0.0011343340
    0.0008939718    -0.0000612302    -0.0030436622
   -0.0023187180    -0.0038494144     0.0007749648
   -0.0014661669    -0.0025017692     0.0009709101
    0.0014369142    -0.0003343883    -0.0016753621
    0.0000860904     0.0007676392    -0.0040759661
   -0.0038145824    -0.0029529687     0.0016506101
   -0.0016579313    -0.0016760897     0.0014546647
    0.0013602233    -0.0005639963    -0.0010384634
    0.0012499563    -0.0003239045    -0.0021671987
   -0.0033256994    -0.0013538379     0.0021329439
   -0.0013685914    -0.0009111836     0.0014751911
    0.0012005609    -0.0007131943    -0.0014786306
    0.0005754551    -0.0007162192    -0.0028284827
   -0.0050813343    -0.0000172026     0.0023175612
   -0.0021940064    -0.0003953376     0.0018656385
    0.0009825677    -0.0007433567    -0.0011088053
    0.0006530082    -0.0009382006    -0.0021234747
   -0.0050323317     0.0016332533     0.0017343926
   -0.0028219605     0.0005399194     0.0018317971
    0.0005966250    -0.0007802455    -0.0016316022
   -0.0007146109    -0.0008946126    -0.0030757468
   -0.0026481977     0.0013325599     0.0013045301
   -0.0016543031     0.0005066499     0.0013591916
   -0.0001172857    -0.0005472288    -0.0022211168
   -0.0027365180     0.0001113941    -0.0036132420
   -0.0026410421     0.0021746894     0.0011416671
   -0.0019425753     0.0015108804     0.0008244013
   -0.0015909754     0.0009152953     0.0010227552
   -0.0009995834     0.0001376816    -0.0025248807
   -0.0036895600     0.0016310406    -0.0026937247
   -0.0048396694     0.0027605994    -0.0002660391
   -0.0025401194     0.0020392061     0.0009196584
   -0.0014728829     0.0013938531     0.0006315050
   -0.0013363897     0.0010440152     0.0006797322
   -0.0015216651     0.0009729487    -0.0021602732
   -0.0028618171     0.0021459061    -0.0012142598
   -0.0023488297     0.0020249520     0.0002876966
   -0.0013632594     0.0013492409     0.0004986998
   -0.0011228546     0.0010288796     0.0004691321
   -0.0014393598     0.0013788160    -0.0013990705
   -0.0017373125     0.0017622148    -0.0004132948
   -0.0013040557     0.0013788525     0.0002154122
   -0.0010153290     0.0010247950     0.0003222180
   -0.0011060483     0.0013076699    -0.0001590671
    0.0018749434    -0.0022624177    -0.0007592533
    0.0018954192    -0.0025195225     0.0000575883
    0.0019988623    -0.0015591828     0.0002718144
    0.0017454584    -0.0008766711    -0.0002213892
    0.0016855744    -0.0029054442    -0.0017931190
    0.0011065864    -0.0050190667    -0.0006334706
    0.0015787372    -0.0038456374     0.0011555088
    0.0020468083    -0.0016792418     0.0005255849
    0.0016276326    -0.0010746086    -0.0003496293
    0.0016287035    -0.0025438626    -0.0028261688
    0.0012295525    -0.0042619257     0.0028198599
    0.0020054607    -0.0016323697     0.0003187606
    0.0013114226    -0.0014095599    -0.0004794307
    0.0018847810    -0.0014246798    -0.0028552711
    0.0016218991    -0.0019907620    -0.0002209911
    0.0007849774    -0.0018393840    -0.0003692181
    0.0021410620    -0.0005998607    -0.0019801029
    0.0006412023    -0.0028586065    -0.0002868774
    0.0001799967    -0.0020788879     0.0000754976
    0.0021253664    -0.0003757637    -0.0010565596
    0.0017025265    -0.0004142459    -0.0043375388
   -0.0005985924    -0.0033338675     0.0005452061
   -0.0002752669    -0.0019051048     0.0006127784
    0.0022736548    -0.0002464638    -0.0019937406
   -0.0012623233    -0.0027262063     0.0014931944
    0.0020914350    -0.0005237502    -0.0009351879
    0.0021554736     0.0002126359    -0.0031146564
   -0.0012266519    -0.0016843828     0.0017707050
    0.0021592872    -0.0006669937    -0.0014587828
   -0.0029358585    -0.0014331197     0.0032253201
    0.0017209936    -0.0009115947    -0.0009413512
    0.0018191083    -0.0011601150    -0.0022872894
   -0.0016858072    -0.0004466585     0.0022443828
    0.0014503358    -0.0012061957    -0.0016524902
   -0.0024940292     0.0006220457     0.0026182035
    0.0011058088    -0.0009914626    -0.0012230572
    0.0004951487    -0.0013380716    -0.0029825804
   -0.0027179546     0.0018049759     0.0021071430
   -0.0013607202     0.0004417225     0.0016387736
    0.0006348860    -0.0008822621    -0.0019612642
   -0.0015665892    -0.0003885615    -0.0047628329
   -0.0020375426     0.0020698984     0.0011080696
   -0.0014367676     0.0009558330     0.0013483467
   -0.0001170612    -0.0002923452    -0.0026756970
   -0.0017214398     0.0023271627     0.0014742791
   -0.0012881577     0.0016178528     0.0005987518
   -0.0012771132     0.0011532707     0.0008877809
   -0.0008291857     0.0007104007    -0.0027982575
   -0.0034480611     0.0034149785    -0.0029714774
   -0.0019367900     0.0024034803     0.0012579688
   -0.0010299727     0.0013244467     0.0005402563
   -0.0010628516     0.0010980914     0.0005537365
   -0.0010735032     0.0014473324    -0.0021411792
   -0.0020775203     0.0028190616    -0.0011300300
   -0.0017018730     0.0023520404     0.0003406616
   -0.0010331282     0.0013542564     0.0004447596
   -0.0009300474     0.0010334256     0.0003850683
   -0.0009272670     0.0015392891    -0.0013095195
   -0.0011710364     0.0018633252    -0.0004282326
   -0.0009787391     0.0014110520     0.0001319894
   -0.0008557974     0.0010435873     0.0002486985
    0.0027125326    -0.0010223909    -0.0001348788
    0.0024970875    -0.0005719846    -0.0002161784
    0.0029004700    -0.0015554699    -0.0008590134
    0.0030972384    -0.0026148649    -0.0003493494
    0.0030993364    -0.0019600462     0.0003089953
    0.0026940699    -0.0008341102    -0.0001750764
    0.0019489931    -0.0005671687    -0.0007455349
    0.0030517397    -0.0017365136    -0.0015639942
    0.0030895679    -0.0049230771    -0.0017734140
    0.0030783314    -0.0060434788     0.0007351372
    0.0033119583    -0.0026515292     0.0011634666
    0.0026873884    -0.0010029054    -0.0003467608
    0.0017222924    -0.0009459205    -0.0008866981
    0.0031174392    -0.0012356355    -0.0018608500
    0.0033191792    -0.0025023535     0.0015710871
    0.0023816152    -0.0013740002    -0.0007608492
    0.0013121912    -0.0014405450    -0.0008510126
    0.0030634151    -0.0005780515    -0.0014133793
    0.0016927302    -0.0022392642    -0.0009589715
    0.0007864844    -0.0018806790    -0.0004970339
    0.0028246227    -0.0002871195    -0.0006625709
    0.0034028189    -0.0011678059    -0.0044608300
    0.0006789076    -0.0032160422    -0.0003494370
    0.0002851018    -0.0020005151     0.0000818137
    0.0033966297    -0.0003012526    -0.0020211329
   -0.0002218017    -0.0033250135     0.0008260409
    0.0029483993    -0.0004270215    -0.0006563693
    0.0035163176     0.0004114431    -0.0047868061
   -0.0006164768    -0.0024838717     0.0015748013
    0.0023585768    -0.0006581178    -0.0000977195
    0.0033363789    -0.0004530398    -0.0014296887
   -0.0027503711    -0.0035447951     0.0045748474
   -0.0006515476    -0.0015287626     0.0016447012
    0.0026403714    -0.0009443122    -0.0005470798
   -0.0016119007    -0.0013871108     0.0032056653
    0.0019624234    -0.0010476507    -0.0002863430
    0.0026542632    -0.0014490976    -0.0012909930
   -0.0010114470    -0.0005526265     0.0021125171
    0.0019455515    -0.0013759691    -0.0009105462
    0.0018114645    -0.0023468956    -0.0033843549
   -0.0015830565     0.0003219780     0.0027446722
    0.0015591039    -0.0016185894    -0.0020705941
   -0.0020010688     0.0015955448     0.0026853216
    0.0011670359    -0.0011588604    -0.0013488814
    0.0004695538    -0.0011284272    -0.0040779854
   -0.0018281503     0.0022598528     0.0016660939
   -0.0011345631     0.0007725454     0.0015612652
    0.0007322854    -0.0008083450    -0.0021636718
   -0.0012262810     0.0010373568    -0.0058269702
   -0.0012858445     0.0018475817     0.0006848551
   -0.0011427739     0.0010986914     0.0011518387
    0.0001669901     0.0000281549    -0.0027165279
   -0.0021155895     0.0034717990    -0.0049298764
   -0.0010110784     0.0018955944     0.0012882639
   -0.0009485842     0.0012950583     0.0003910784
   -0.0010444466     0.0011288014     0.0007240535
   -0.0002701906     0.0009514584    -0.0025423924
   -0.0016177365     0.0035913845    -0.0025003718
   -0.0021554504     0.0045584546     0.0000320575
   -0.0011547617     0.0022050573     0.0008911263
   -0.0008704536     0.0011776057     0.0003855763
   -0.0009371425     0.0010541093     0.0004607767
   -0.0004370063     0.0013772729    -0.0018337421
   -0.0009631639     0.0024447421    -0.0010381644
   -0.0009687049     0.0020708673     0.0000473510
   -0.0008379130     0.0012932957     0.0002489978
   -0.0008494759     0.0010344270     0.0003067361
   -0.0006786597     0.0015989033    -0.0005216588
   -0.0007355205     0.0013214014    -0.0000455546
    0.0035817943    -0.0003881051    -0.0001912388
    0.0034511877    -0.0001494546    -0.0002676193
    0.0028231844     0.0001412186    -0.0007274620
    0.0035902965    -0.0003368954    -0.0003843523
    0.0043949314    -0.0015470742    -0.0005460444
    0.0046257234    -0.0017943922     0.0000609575
    0.0040391771    -0.0006260130    -0.0001629917
    0.0029528491    -0.0001546685    -0.0009942983
    0.0037691355    -0.0003216610    -0.0005377047
    0.0050310645    -0.0026278384    -0.0016836550
    0.0055686828    -0.0040441179     0.0013566167
    0.0042848181    -0.0009360929    -0.0001838274
    0.0027815487    -0.0006130888    -0.0013443251
    0.0015866483    -0.0008981985    -0.0012855347
    0.0036826127    -0.0000998718    -0.0003564556
    0.0053075437    -0.0024089992    -0.0028797380
    0.0039580667    -0.0012785858    -0.0007456442
    0.0023030396    -0.0013726092    -0.0015648483
    0.0011722480    -0.0014238597    -0.0010479314
    0.0033554971     0.0000200088     0.0000946911
    0.0051416536    -0.0010772324    -0.0025887405
    0.0015958288    -0.0023523189    -0.0012734195
    0.0045904416    -0.0002457787    -0.0011723700
    0.0016091951    -0.0052397415    -0.0010873727
    0.0008229306    -0.0029932903    -0.0003331447
    0.0038218973    -0.0002416223    -0.0000116143
    0.0002159069    -0.0027846928     0.0006970045
    0.0030097954    -0.0005072088     0.0005270916
    0.0047945916    -0.0003094166    -0.0011389038
   -0.0008147088    -0.0052716885     0.0036771198
   -0.0001298534    -0.0020433694     0.0012265097
    0.0036866238    -0.0008377093     0.0001023764
   -0.0007770536    -0.0027160757     0.0033505186
    0.0027027317    -0.0010949773     0.0003707675
    0.0040977386    -0.0013639761    -0.0006864866
   -0.0006436557    -0.0012815075     0.0023994656
    0.0029868423    -0.0016216200    -0.0001961712
   -0.0013631535    -0.0003983483     0.0043116033
    0.0020695916    -0.0014736896    -0.0001215458
    0.0029174384    -0.0023264810    -0.0015177770
   -0.0008604721    -0.0000778168     0.0023116968
    0.0020286702    -0.0017851945    -0.0009605081
   -0.0011652857     0.0008737886     0.0025439232
    0.0016880671    -0.0017183798    -0.0023876982
   -0.0013110515     0.0017112738     0.0020130825
    0.0011688398    -0.0012154631    -0.0013699550
    0.0009861913    -0.0005970726    -0.0041776212
   -0.0010965401     0.0024965682     0.0002112044
   -0.0012360948     0.0017728389     0.0010618359
    0.0008454258    -0.0007048860    -0.0020400097
    0.0001954366     0.0015084204    -0.0048043566
   -0.0008370572     0.0012968862     0.0004551212
   -0.0010974879     0.0013607992     0.0004725669
   -0.0009931901     0.0010612267     0.0009785418
    0.0004700060     0.0000857485    -0.0023056202
   -0.0002106062     0.0027173607    -0.0034656594
   -0.0008341007     0.0014799853     0.0006428943
   -0.0009906642     0.0011359238     0.0003098600
   -0.0009714426     0.0010826548     0.0006474997
    0.0001503497     0.0007399760    -0.0020219399
   -0.0003083191     0.0023788668    -0.0018521052
   -0.0006632655     0.0029028982    -0.0004326243
   -0.0007615127     0.0017503734     0.0002433394
   -0.0008836499     0.0011803953     0.0002243442
   -0.0003724417     0.0017024511    -0.0009906151
   -0.0006005663     0.0016234690    -0.0002885154
   -0.0007483044     0.0012614397     0.0000350192
    0.0041542945     0.0007882572     0.0000355278
    0.0043745244     0.0008267222    -0.0002638632
    0.0037924892     0.0009835259    -0.0008572568
    0.0027655514     0.0007172613    -0.0014282204
    0.0050749274     0.0002942010    -0.0000324054
    0.0060434189    -0.0003256230    -0.0001015855
    0.0057055444     0.0002073809    -0.0002899038
    0.0043067266     0.0006761845    -0.0012867847
    0.0027722962     0.0002406553    -0.0018318047
    0.0056935248     0.0000157262    -0.0002740222
    0.0079330285    -0.0025016384    -0.0009339256
    0.0086355595    -0.0034818186     0.0004766770
    0.0067341442    -0.0006861223    -0.0001599292
    0.0043423208     0.0000998631    -0.0018804278
    0.0024879982    -0.0004886274    -0.0020900511
    0.0057532948     0.0001808225    -0.0002071693
    0.0038019913    -0.0009567972    -0.0024493145
    0.0019757523    -0.0013878799    -0.0019828958
    0.0052506778     0.0003690827     0.0003943223
    0.0028999711    -0.0026528701    -0.0024691322
    0.0013663266    -0.0021824011    -0.0013650622
    0.0044157071     0.0002036637     0.0010670980
    0.0079754174    -0.0003494035    -0.0022424719
    0.0019038001    -0.0044807775    -0.0012251974
    0.0007894314    -0.0024816744    -0.0004139655
    0.0034901622    -0.0001723393     0.0014050655
    0.0062820159    -0.0000624316     0.0001250811
    0.0009995000    -0.0047934003     0.0008280496
    0.0003348100    -0.0022012693     0.0004110103
    0.0047307281    -0.0005552097     0.0011810028
    0.0003343556    -0.0034643313     0.0019497580
    0.0034178546    -0.0009685146     0.0013360157
    0.0059100743    -0.0011639429     0.0002703006
   -0.0000707498    -0.0020503229     0.0019788237
    0.0041701013    -0.0016597957     0.0009388732
   -0.0003077562    -0.0019868419     0.0048910513
    0.0028221594    -0.0016929968     0.0008047915
    0.0045926868    -0.0026532040    -0.0002948994
   -0.0004769067    -0.0007716240     0.0027297960
    0.0030873807    -0.0023558313     0.0000189344
   -0.0007553352     0.0005065531     0.0039368203
    0.0019897347    -0.0018597284    -0.0000245928
    0.0030828501    -0.0028806616    -0.0017586039
   -0.0010583430     0.0025908216     0.0041302664
   -0.0007199700     0.0002586766     0.0021410596
    0.0019465146    -0.0020284222    -0.0009601337
    0.0027866537    -0.0021807792    -0.0053962793
   -0.0012779727     0.0035203900     0.0023814938
   -0.0009330385     0.0009605764     0.0020188979
    0.0017226317    -0.0016582803    -0.0022042989
   -0.0013888500     0.0024091875     0.0006102828
   -0.0011093513     0.0013690367     0.0014604341
    0.0013411546    -0.0005229865    -0.0032007215
   -0.0013704831     0.0013385219     0.0001518543
   -0.0012062882     0.0013686527     0.0008647624
    0.0008667899     0.0007881607    -0.0031508578
   -0.0006635049     0.0025848612     0.0010946148
   -0.0011894807     0.0011895693     0.0002130855
   -0.0011906728     0.0012655255     0.0005041011
    0.0003971699     0.0013835054    -0.0022883792
    0.0000600165     0.0029653602    -0.0014078858
   -0.0004659202     0.0023980789    -0.0000676739
   -0.0009292801     0.0014192286     0.0001124844
   -0.0010638399     0.0012564201     0.0002956369
    0.0000230133     0.0013564667    -0.0014691311
   -0.0003230206     0.0017667213    -0.0007566537
   -0.0006804324     0.0015016786    -0.0001991962
   -0.0008720522     0.0012903320     0.0001004356
    0.0048614675     0.0023405516     0.0000411265
    0.0046451859     0.0024098440    -0.0008570310
    0.0035943072     0.0019226836    -0.0017667151
    0.0048573530     0.0019609455     0.0010313926
    0.0065563297     0.0020328402     0.0004558289
    0.0071120877     0.0022194181    -0.0002685632
    0.0058931834     0.0023201081    -0.0015849485
    0.0039185959     0.0014691281    -0.0025439226
    0.0022538577     0.0003479105    -0.0024288868
    0.0051906182     0.0017593634     0.0014256857
    0.0081193494     0.0014524553     0.0005711557
    0.0105962614     0.0003795147     0.0001343047
    0.0098105636     0.0011508603    -0.0005597934
    0.0066665757     0.0016003844    -0.0025990127
    0.0037811818     0.0005023919    -0.0032146435
    0.0019292813    -0.0005055312    -0.0024643326
    0.0050077737     0.0014621543     0.0018791576
    0.0088484675     0.0012032687     0.0006202333
    0.0031819213    -0.0008934862    -0.0034138277
    0.0014683482    -0.0013472123    -0.0020699298
    0.0043968072     0.0009846639     0.0022666181
    0.0083414406     0.0012410357     0.0012892443
    0.0023636418    -0.0023900665    -0.0028270147
    0.0009875073    -0.0019062362    -0.0013083236
    0.0069790789     0.0008632532     0.0022731474
    0.0015734982    -0.0033469079    -0.0014472805
    0.0053667918     0.0001033127     0.0027541578
    0.0008891784    -0.0032432271     0.0000439870
    0.0038874414    -0.0005739275     0.0026043419
    0.0078353028    -0.0006442642     0.0024068247
    0.0003519111    -0.0024560523     0.0009399486
    0.0053351559    -0.0014049116     0.0026858291
    0.0007288474    -0.0033729855     0.0031791409
    0.0035078407    -0.0017014922     0.0021566244
    0.0067838167    -0.0027295290     0.0017113455
    0.0000083924    -0.0016940147     0.0024237813
    0.0042643264    -0.0027345687     0.0016715421
    0.0001548067    -0.0008513766     0.0045705495
    0.0026363575    -0.0023182518     0.0010954923
    0.0047747930    -0.0038994076     0.0000408863
   -0.0004377506    -0.0003191691     0.0025595523
    0.0028443819    -0.0029442090     0.0001465811
   -0.0006709302     0.0006999122     0.0028915111
    0.0028721925    -0.0030998734    -0.0015379284
   -0.0010491685     0.0016606093     0.0023958113
    0.0016380939    -0.0020985005    -0.0008762554
    0.0027828126    -0.0020538705    -0.0036805445
   -0.0015057346     0.0018648810     0.0013995214
   -0.0009518683     0.0009382331     0.0017198382
    0.0014426522    -0.0016003357    -0.0017673066
    0.0024389698     0.0001741963    -0.0046933901
   -0.0022445151     0.0015171995     0.0001504274
   -0.0017599097     0.0016172503     0.0006938013
   -0.0011520401     0.0012482094     0.0013236960
    0.0011234941    -0.0007043149    -0.0022602196
    0.0016119715     0.0016957491    -0.0036591701
   -0.0015219606     0.0016212100     0.0001454283
   -0.0016529298     0.0015046424     0.0003507354
   -0.0012374786     0.0013841147     0.0009159279
    0.0007103063     0.0001535250    -0.0021552412
    0.0006479476     0.0017738406    -0.0022023872
    0.0000506362     0.0025250435    -0.0009741159
   -0.0008987236     0.0018198353    -0.0002203439
   -0.0013077067     0.0015446848     0.0001098627
   -0.0011699101     0.0014393754     0.0005710238
   -0.0000056967     0.0014822515    -0.0013444914
   -0.0005238807     0.0016659677    -0.0006510726
   -0.0009258456     0.0015520975    -0.0001512022
    0.0045843821     0.0039132467     0.0007749480
    0.0049343099     0.0043227309    -0.0004788839
    0.0042012332     0.0037699473    -0.0019212430
    0.0028895360     0.0023699069    -0.0026687921
    0.0058811405     0.0041111097     0.0016907304
    0.0073930020     0.0050531040     0.0004915809
    0.0070966958     0.0051626145    -0.0015346412
    0.0051249791     0.0037281986    -0.0032845910
    0.0029886048     0.0016685409    -0.0034859400
    0.0068178259     0.0039198834     0.0026454089
    0.0103162545     0.0050129108     0.0016751650
    0.0119075976     0.0056783876    -0.0002996663
    0.0095086416     0.0051465784    -0.0033885010
    0.0055540543     0.0026942063    -0.0047875275
    0.0027234846     0.0004573328    -0.0039135671
    0.0069788705     0.0033493439     0.0035429977
    0.0126596083     0.0043352132     0.0025991598
    0.0051130290     0.0005651104    -0.0056780781
    0.0021595147    -0.0009595480    -0.0036538976
    0.0062988229     0.0023873828     0.0042088802
    0.0130366393     0.0036404873     0.0036055375
    0.0039485940    -0.0020225944    -0.0052955690
    0.0015060582    -0.0021113737    -0.0026884898
    0.0051030455     0.0012025122     0.0043554000
    0.0112938360     0.0025510456     0.0049717422
    0.0027308569    -0.0040953197    -0.0035336987
    0.0009298813    -0.0026090770    -0.0013524151
    0.0038114772     0.0001515149     0.0039343151
    0.0085427814     0.0008824380     0.0056101584
    0.0017556994    -0.0046159141    -0.0010836954
    0.0004781166    -0.0024298254    -0.0001624619
    0.0058827658    -0.0005710658     0.0050451864
    0.0008991829    -0.0036644603     0.0007039353
    0.0038424850    -0.0013517769     0.0038827152
    0.0089759161    -0.0022325572     0.0055139627
    0.0002590985    -0.0024020524     0.0014407956
    0.0052998703    -0.0027579654     0.0042110359
    0.0006777357    -0.0025719532     0.0033534929
    0.0031315313    -0.0025762075     0.0027469337
    0.0068369625    -0.0047533618     0.0032832084
   -0.0001539793    -0.0012189426     0.0024903754
    0.0037237374    -0.0037968405     0.0021187982
   -0.0002720150    -0.0002948593     0.0034561969
    0.0021201341    -0.0027929479     0.0011418205
    0.0040846534    -0.0048096341     0.0004132891
   -0.0006919947     0.0012692318     0.0036938811
   -0.0006010078    -0.0000089441     0.0023552554
    0.0022038942    -0.0032280280     0.0001401013
    0.0043248912    -0.0046850989    -0.0025437666
   -0.0016963417     0.0023453524     0.0027204393
   -0.0009537996     0.0007280385     0.0023974101
    0.0021193185    -0.0030657411    -0.0012080400
   -0.0027197344     0.0023854532     0.0015259269
   -0.0013870474     0.0013556421     0.0020363223
    0.0018628017    -0.0021025663    -0.0023801623
   -0.0029111721     0.0022290641     0.0007298639
   -0.0017122719     0.0017210633     0.0014900754
    0.0013788678    -0.0007471178    -0.0027475413
    0.0018776061     0.0018009416    -0.0034090734
    0.0008144650     0.0035066565    -0.0015594753
   -0.0016815275     0.0024897945    -0.0004626985
   -0.0023332397     0.0021559818     0.0001649313
   -0.0017450451     0.0018946112     0.0009456635
    0.0007365932     0.0002900319    -0.0023673673
    0.0003506945     0.0016599814    -0.0020155744
   -0.0007433698     0.0020789554    -0.0010208000
   -0.0015398385     0.0020475092    -0.0002636611
   -0.0014963903     0.0019278621     0.0004576381
    0.0001807783     0.0008309534    -0.0017779716
   -0.0003304797     0.0015513818    -0.0012819008
   -0.0009089647     0.0018231763    -0.0005966864
   -0.0011213157     0.0018320963     0.0000521302
    0.0042975607     0.0061239635     0.0003974594
    0.0041171555     0.0060411111    -0.0016003266
    0.0030755638     0.0043700086    -0.0030795819
    0.0042969994     0.0051241657     0.0029708410
    0.0061144710     0.0074020121     0.0019973230
    0.0068838985     0.0086684047    -0.0005715446
    0.0056772510     0.0072661478    -0.0035875606
    0.0035079506     0.0040073459    -0.0046600566
    0.0046711128     0.0047259370     0.0041823968
    0.0079130585     0.0079259708     0.0041101715
    0.0110708370     0.0110791132     0.0018202188
    0.0109376096     0.0114628687    -0.0030756859
    0.0071899510     0.0072735397    -0.0065853624
    0.0035058703     0.0025619708    -0.0059659056
    0.0015321448     0.0000858919    -0.0038586711
    0.0045173004     0.0037314861     0.0050335216
    0.0089208440     0.0073141063     0.0062379389
    0.0077829578     0.0047539749    -0.0095087636
    0.0029411524     0.0002875397    -0.0062120584
    0.0011273525    -0.0011184010    -0.0032416247
    0.0039046950     0.0023824582     0.0052656182
    0.0085628554     0.0055638130     0.0077744148
    0.0020483441    -0.0019199851    -0.0050925273
    0.0070503989     0.0031297154     0.0081189353
    0.0044053488    -0.0042321438    -0.0077751072
    0.0012297752    -0.0031999101    -0.0030855602
    0.0051428025     0.0008940314     0.0071787056
    0.0025861598    -0.0061167081    -0.0037975694
    0.0006406319    -0.0033116699    -0.0010634000
    0.0034738513    -0.0005419871     0.0055769258
    0.0090580118    -0.0001871233     0.0104532939
    0.0013505719    -0.0053648918    -0.0003674072
    0.0002411174    -0.0026813754     0.0003322129
    0.0053943750    -0.0019963538     0.0074399575
    0.0004406537    -0.0035888936     0.0013828821
    0.0031524837    -0.0024194303     0.0048057959
    0.0082791014    -0.0049326612     0.0088322190
    0.0012567896    -0.0040697106     0.0039439297
   -0.0000631418    -0.0021091890     0.0019054539
    0.0042078701    -0.0043253368     0.0051226408
   -0.0001766067    -0.0018182982     0.0032001743
    0.0022810594    -0.0033266519     0.0028259070
    0.0051588763    -0.0066426037     0.0040695654
   -0.0005700297    -0.0004831690     0.0045044418
   -0.0004853638    -0.0007623969     0.0025804821
    0.0025596243    -0.0044416430     0.0019793639
    0.0056477783    -0.0082001453     0.0008793979
   -0.0018882567     0.0016204134     0.0047955821
   -0.0009246967     0.0000613982     0.0031111640
    0.0025980964    -0.0050107523     0.0003198322
   -0.0039343497     0.0032192338     0.0039179409
   -0.0016162631     0.0011284726     0.0031623877
    0.0013673385    -0.0031142320    -0.0000756472
    0.0023837117    -0.0044303483    -0.0016964432
   -0.0049435994     0.0040300513     0.0024619279
   -0.0023337505     0.0020767109     0.0027006629
    0.0012047994    -0.0027120006    -0.0011320732
    0.0018947284    -0.0027205934    -0.0030495517
   -0.0042937962     0.0040302719     0.0007861532
   -0.0026398230     0.0026991331     0.0019013973
   -0.0013430141     0.0015891505     0.0020673197
    0.0009244894    -0.0018048325    -0.0018862714
    0.0011050926    -0.0008302047    -0.0031747710
    0.0005082176     0.0013916212    -0.0033273949
   -0.0016142234     0.0029453456    -0.0020233226
   -0.0028703528     0.0033831549    -0.0004083469
   -0.0023790636     0.0028974305     0.0009762923
   -0.0014603303     0.0020185690     0.0015737511
    0.0003075673     0.0004553555    -0.0025761618
   -0.0005864244     0.0018242655    -0.0020893055
   -0.0015939248     0.0026219349    -0.0010045866
   -0.0017832956     0.0027012258     0.0001823385
   -0.0001862437     0.0011221002    -0.0018582638
   -0.0007934442     0.0019446604    -0.0012346509
   -0.0011644969     0.0022917650    -0.0003530491
    0.0028385913     0.0070368935     0.0015109293
    0.0030325500     0.0079525385    -0.0006649935
    0.0025054389     0.0066744330    -0.0029656885
    0.0037450934     0.0081374344     0.0034900053
    0.0047869119     0.0111188043     0.0012582977
    0.0045619660     0.0111659801    -0.0027639382
    0.0031252122     0.0074082319    -0.0054321114
    0.0016637214     0.0031774332    -0.0051207197
    0.0044458983     0.0082539619     0.0057985715
    0.0070628066     0.0138929143     0.0048275135
    0.0084410309     0.0177622230    -0.0004788941
    0.0066087854     0.0142816936    -0.0071645770
    0.0034709277     0.0065178681    -0.0083382182
    0.0014635037     0.0015204547    -0.0057652151
    0.0046090358     0.0070605309     0.0077237779
    0.0031830774     0.0034043757    -0.0101422550
    0.0010683937    -0.0004737606    -0.0053057502
    0.0041383928     0.0048430135     0.0085327758
    0.0022282994    -0.0007282155    -0.0093063432
    0.0006369781    -0.0020306655    -0.0038706898
    0.0032747555     0.0024185655     0.0079969332
    0.0084049693     0.0077176340     0.0150449143
    0.0011388240    -0.0036843841    -0.0062344785
    0.0003092930    -0.0027063677    -0.0020865383
    0.0023648962     0.0005453448     0.0065655362
    0.0060737503     0.0028495771     0.0133955155
    0.0004130185    -0.0045173114    -0.0027522582
    0.0039052924    -0.0003271967     0.0099841752
    0.0007795547    -0.0079715027    -0.0028211295
    0.0000482716    -0.0038445030    -0.0002184931
    0.0023892039    -0.0016767428     0.0066977849
    0.0067377655    -0.0030300038     0.0150412425
   -0.0000792215    -0.0055321310     0.0010452886
   -0.0001204618    -0.0026992966     0.0010944406
    0.0035083629    -0.0039504684     0.0086902501
   -0.0003205444    -0.0069046867     0.0044246987
   -0.0003932223    -0.0031812492     0.0023748901
    0.0018989941    -0.0034440036     0.0048597202
    0.0049152311    -0.0078473280     0.0098118696
   -0.0010547936    -0.0029183871     0.0044311268
   -0.0004278530    -0.0016466613     0.0024887738
    0.0023127562    -0.0054118891     0.0047010506
    0.0060648815    -0.0125597042     0.0077550137
   -0.0026624920    -0.0010216405     0.0068438388
   -0.0009278410    -0.0010654423     0.0036228247
    0.0025069033    -0.0072417768     0.0031560780
   -0.0018166456     0.0002457449     0.0045929893
    0.0012557907    -0.0043729901     0.0012516903
    0.0023076917    -0.0077175288     0.0002388162
   -0.0029495540     0.0021045791     0.0048804184
   -0.0010867713     0.0006224966     0.0032320493
    0.0011340650    -0.0043860326    -0.0002697188
    0.0017273643    -0.0060477248    -0.0027240995
   -0.0037030095     0.0038847578     0.0041034174
   -0.0015552717     0.0016740630     0.0032470717
    0.0008740576    -0.0034803487    -0.0017274422
    0.0008819935    -0.0030673505    -0.0041364675
   -0.0004163257     0.0005019836    -0.0060456818
   -0.0050455537     0.0069261917    -0.0001696603
   -0.0035878772     0.0047903492     0.0024345686
   -0.0018538868     0.0026153704     0.0027510801
    0.0005210308    -0.0019767225    -0.0025465891
    0.0000362011    -0.0004239209    -0.0038845103
   -0.0014467450     0.0024549180    -0.0037855011
   -0.0028860597     0.0046419424    -0.0017379771
   -0.0027922477     0.0045371675     0.0007036711
   -0.0018306405     0.0031419189     0.0018640102
    0.0001597785    -0.0004987651    -0.0025976577
   -0.0004687519     0.0011387685    -0.0029045457
   -0.0013968941     0.0028894201    -0.0020567083
   -0.0018232627     0.0036309727    -0.0004367082
   -0.0015259773     0.0031392904     0.0008956389
   -0.0006039800     0.0017776210    -0.0018972351
   -0.0010426346     0.0026587117    -0.0009684352
    0.0012393348     0.0086162082     0.0005871744
    0.0010547683     0.0084140141    -0.0021326091
    0.0006994902     0.0058871537    -0.0039447916
    0.0013583945     0.0072433911     0.0042407721
    0.0017474421     0.0111570310     0.0030232182
    0.0017174233     0.0133135413    -0.0008110739
    0.0012100547     0.0107909994    -0.0050186083
    0.0006407827     0.0056475929    -0.0060750312
    0.0014656719     0.0067615617     0.0060464999
    0.0022653302     0.0127252399     0.0066423424
    0.0027696329     0.0194768855     0.0031580187
    0.0022431269     0.0200162439    -0.0049301651
    0.0011920395     0.0118343682    -0.0096275449
    0.0004593901     0.0039236312    -0.0078424334
    0.0014045783     0.0053005139     0.0071967134
    0.0025584725     0.0121174580     0.0104653798
    0.0008786587     0.0091759781    -0.0144521718
    0.0001832752     0.0009834084    -0.0080956672
    0.0012035218     0.0033304538     0.0073051271
    0.0024333884     0.0091116744     0.0128309825
    0.0002734988     0.0026205528    -0.0157164839
   -0.0000878757    -0.0018612264    -0.0064377232
    0.0019719318     0.0049822913     0.0126552754
   -0.0003979927    -0.0037475595    -0.0117154521
   -0.0002415276    -0.0034125524    -0.0037677972
    0.0014268722     0.0015056804     0.0104414456
   -0.0007773440    -0.0063594765    -0.0056198547
   -0.0002589454    -0.0035541340    -0.0013225940
    0.0009721677    -0.0005221338     0.0076114180
    0.0022325027     0.0004477378     0.0175999962
   -0.0007622527    -0.0057380302    -0.0009971342
    0.0013425298    -0.0023989075     0.0111433093
   -0.0020284541    -0.0092012760     0.0011111694
   -0.0005707382    -0.0039924166     0.0013315102
    0.0008123017    -0.0029095713     0.0066152764
    0.0017911325    -0.0067473950     0.0154485792
   -0.0014228825    -0.0050094240     0.0036640153
    0.0009520427    -0.0055045324     0.0077154657
   -0.0033160993    -0.0047364336     0.0080917351
   -0.0008818337    -0.0023780466     0.0037176741
    0.0009807926    -0.0089463970     0.0072620803
   -0.0067689184    -0.0006560841     0.0140744849
   -0.0018231682    -0.0013610661     0.0059130360
    0.0005426458    -0.0054529229     0.0031346791
    0.0007744029    -0.0116090251     0.0039920976
   -0.0032121288     0.0012163295     0.0079573361
   -0.0009763444    -0.0001099889     0.0041421348
    0.0004363380    -0.0062816501     0.0012926917
    0.0002790222    -0.0109714299    -0.0012672567
   -0.0044612250     0.0049785275     0.0082798685
   -0.0015539050     0.0013908101     0.0048644600
    0.0002417749    -0.0057386355    -0.0010893380
   -0.0003876501    -0.0067854560    -0.0052774186
   -0.0047069491     0.0078869083     0.0059072016
   -0.0020407108     0.0031727511     0.0047459029
   -0.0000001362    -0.0038473036    -0.0029410848
   -0.0009471583    -0.0018851222    -0.0061081449
   -0.0030613230     0.0042655047    -0.0072463258
   -0.0046515640     0.0094805893    -0.0027920030
   -0.0038656151     0.0081332696     0.0023219258
   -0.0021739514     0.0045135817     0.0036111926
   -0.0002248686    -0.0015150890    -0.0035728139
   -0.0011457682     0.0013130420    -0.0047923842
   -0.0023173176     0.0050696980    -0.0035552361
   -0.0026004709     0.0063819548    -0.0002946518
   -0.0019039005     0.0048427910     0.0019478070
   -0.0003640596     0.0003183246    -0.0031778450
   -0.0010143850     0.0025873834    -0.0030411818
   -0.0014957327     0.0043027457    -0.0014403110
   -0.0014097524     0.0042656032     0.0004899708
   -0.0005109876     0.0078502184     0.0016182235
   -0.0007864101     0.0087605282    -0.0008532855
   -0.0008264426     0.0071886258    -0.0033243963
   -0.0007502433     0.0091951037     0.0038848497
   -0.0013991692     0.0125096585     0.0012296281
   -0.0017491559     0.0122539877    -0.0032816786
   -0.0014207665     0.0078748755    -0.0059996220
   -0.0008371152     0.0032511466    -0.0054609972
   -0.0009612048     0.0093885146     0.0065919870
   -0.0022258139     0.0160375457     0.0053515754
   -0.0035780802     0.0201258319    -0.0010171340
   -0.0034295378     0.0155040297    -0.0082253538
   -0.0020461171     0.0067592443    -0.0090546625
   -0.0009517450     0.0014274292    -0.0060450038
   -0.0010532093     0.0079939078     0.0088340553
   -0.0030024542     0.0172157233     0.0110491592
   -0.0023807971     0.0032583972    -0.0108025224
   -0.0009081810    -0.0007023871    -0.0054267237
   -0.0009735607     0.0054005921     0.0096861318
   -0.0022177125    -0.0012488379    -0.0096138169
   -0.0007602505     0.0026398517     0.0089484875
   -0.0029524062     0.0087961710     0.0176056637
   -0.0017048771    -0.0043119306    -0.0060432215
   -0.0005121003     0.0005711273     0.0072368127
   -0.0021049968     0.0031120062     0.0152639932
   -0.0041703705    -0.0093270626    -0.0095981884
   -0.0011239964    -0.0049866539    -0.0022703322
   -0.0012618797    -0.0004134924     0.0111212351
   -0.0025298889    -0.0090196584    -0.0016445903
   -0.0006787728    -0.0018384906     0.0073297057
   -0.0029455674    -0.0034742912     0.0169822206
   -0.0013891232    -0.0061215778     0.0022313412
   -0.0013570445    -0.0043437797     0.0095716894
   -0.0029344423    -0.0081657795     0.0074205242
   -0.0007023385    -0.0034873007     0.0032295563
   -0.0024051827    -0.0086592927     0.0108884448
   -0.0014039614    -0.0033703057     0.0064054825
   -0.0009520108    -0.0058136394     0.0050923901
   -0.0035396263    -0.0139125966     0.0087289121
   -0.0025492161    -0.0010878553     0.0109424284
   -0.0012686888    -0.0077586878     0.0033882319
   -0.0038912402     0.0047274221     0.0146085643
   -0.0011223426     0.0004733411     0.0065612933
   -0.0014073581    -0.0081978206     0.0001577491
   -0.0036966060    -0.0119925965    -0.0063949385
   -0.0045833641     0.0118642978     0.0131078297
   -0.0016121407     0.0032220178     0.0075511613
   -0.0013167584    -0.0062963803    -0.0031951458
   -0.0029285103    -0.0040497977    -0.0097433851
   -0.0040426516     0.0144883543     0.0065612298
   -0.0018730605     0.0060559125     0.0066602444
   -0.0010926660    -0.0029471069    -0.0049445283
   -0.0021329908     0.0019625229    -0.0081279470
   -0.0030633309     0.0098519190    -0.0061693847
   -0.0028308995     0.0116855927     0.0006327418
   -0.0017574849     0.0073924562     0.0041106263
   -0.0008398477     0.0000696724    -0.0047575082
   -0.0014286147     0.0042581549    -0.0049996490
   -0.0016916105     0.0074652363    -0.0020395591
   -0.0013671197     0.0067856314     0.0014075214
   -0.0008878485     0.0042813443    -0.0025559540
   -0.0022568655     0.0077071942     0.0003159357
   -0.0023984781     0.0072962328    -0.0021787735
   -0.0020630554     0.0066116857     0.0038197918
   -0.0033373267     0.0097412393     0.0024062104
   -0.0042258569     0.0110601672    -0.0011646256
   -0.0038174259     0.0086501872    -0.0047107140
   -0.0024940752     0.0044040829    -0.0055243371
   -0.0023050138     0.0060910988     0.0054787851
   -0.0044544297     0.0108492268     0.0054916519
   -0.0070367730     0.0154380446     0.0018582422
   -0.0077175885     0.0148261667    -0.0048188672
   -0.0054688549     0.0084322092    -0.0083282189
   -0.0027995644     0.0025482343    -0.0068367224
   -0.0022750314     0.0047102844     0.0065498869
   -0.0051628576     0.0101010219     0.0087614531
   -0.0065519086     0.0051809295    -0.0116088133
   -0.0026273401    -0.0001781591    -0.0067806062
   -0.0019813030     0.0029081425     0.0066887479
   -0.0050684931     0.0074226005     0.0108382971
   -0.0061646449    -0.0005795229    -0.0118690061
   -0.0020336558    -0.0026071114    -0.0051314894
   -0.0042053724     0.0039271401     0.0108342038
   -0.0044784303    -0.0055301447    -0.0081825510
   -0.0013062070    -0.0037764401    -0.0027138992
   -0.0030230001     0.0010196125     0.0091233417
   -0.0095755485     0.0046465884     0.0180903329
   -0.0025918118    -0.0071032119    -0.0030797304
   -0.0061384102    -0.0003709257     0.0140017753
   -0.0050467026    -0.0145186380    -0.0008482338
   -0.0012432146    -0.0059652992     0.0005950887
   -0.0035030682    -0.0024962987     0.0093083283
   -0.0020578735    -0.0095432683     0.0046648858
   -0.0060113383    -0.0062296645     0.0115940787
   -0.0007192913    -0.0050262170     0.0055089558
   -0.0028502308    -0.0051145885     0.0062232168
   -0.0091545664    -0.0122450323     0.0110358659
   -0.0008553622    -0.0044312923     0.0117429128
   -0.0037985772    -0.0078812877     0.0051045531
   -0.0002114606    -0.0011193411     0.0075337081
   -0.0042230024    -0.0097005528     0.0016064530
   -0.0001800989     0.0020722942     0.0103607382
   -0.0017485610    -0.0055732481     0.0004657146
   -0.0037112196    -0.0086279727    -0.0032622582
   -0.0001007358     0.0068179061     0.0109395141
   -0.0015240894    -0.0048896064    -0.0018165560
   -0.0025478157    -0.0046125045    -0.0067097252
   -0.0028278798     0.0036195524    -0.0136912170
   -0.0000777273     0.0103799805     0.0079378299
   -0.0010930308    -0.0030258905    -0.0035098322
   -0.0014107290    -0.0001274056    -0.0070861442
   -0.0011476486     0.0073654177    -0.0082014077
   -0.0004909468     0.0130733762    -0.0025930265
   -0.0001361331     0.0104645952     0.0033646129
   -0.0006591860     0.0026300960    -0.0053810192
   -0.0004336397     0.0069477780    -0.0038399567
   -0.0001747956     0.0080817772     0.0000224821
   -0.0038926706     0.0066916662     0.0026551781
   -0.0052525771     0.0083593803     0.0003470667
   -0.0054131400     0.0076632147    -0.0028833021
   -0.0041056558     0.0047354525    -0.0047043626
   -0.0046148735     0.0065799451     0.0045647599
   -0.0074461667     0.0099157526     0.0028431505
   -0.0092503533     0.0110181077    -0.0017207072
   -0.0079671520     0.0078382223    -0.0060044497
   -0.0048331093     0.0031011345    -0.0064952556
   -0.0048387133     0.0054329162     0.0061746630
   -0.0093158551     0.0099405706     0.0061672578
   -0.0144468850     0.0137261378     0.0015567989
   -0.0101251291     0.0051587599    -0.0096645469
   -0.0047631916     0.0001233689    -0.0071648829
   -0.0044477634     0.0035631268     0.0068997063
   -0.0099319801     0.0079026977     0.0091360497
   -0.0101995674    -0.0008574011    -0.0113569321
   -0.0037768375    -0.0030325775    -0.0059201101
   -0.0036135457     0.0016248214     0.0065727885
   -0.0088944453     0.0044946981     0.0103975064
   -0.0076198309    -0.0072353857    -0.0086972424
   -0.0023611035    -0.0048581071    -0.0032698111
   -0.0067742865     0.0012117393     0.0095682730
   -0.0040782450    -0.0098951684    -0.0030934757
   -0.0045613130    -0.0008931597     0.0075027318
   -0.0128188197    -0.0009688087     0.0130074710
   -0.0014897610    -0.0084686655     0.0015700543
   -0.0077209850    -0.0033547175     0.0094319819
   -0.0005337956    -0.0143309172     0.0091905231
   -0.0002215149    -0.0055891697     0.0035849114
   -0.0043066281    -0.0036946837     0.0060232285
   -0.0120710125    -0.0080490814     0.0093569441
    0.0007171239    -0.0069768663     0.0092071163
   -0.0059751471    -0.0064750940     0.0054285751
    0.0007954120    -0.0028835371     0.0070206729
   -0.0029609854    -0.0046643131     0.0029429629
   -0.0070547729    -0.0091751463     0.0022677265
    0.0019290052    -0.0004789564     0.0113870069
   -0.0032446827    -0.0058043922     0.0010850397
   -0.0064671421    -0.0095000238    -0.0033803032
    0.0034836592     0.0051396883     0.0145992428
   -0.0029244358    -0.0057140633    -0.0016654030
   -0.0041777864    -0.0058671087    -0.0085995237
    0.0043991177     0.0117969307     0.0129057830
    0.0015440496     0.0033704414     0.0076809589
   -0.0020443801    -0.0039690147    -0.0041728146
   -0.0016207826    -0.0002313049    -0.0100339587
    0.0017279324     0.0118506410    -0.0128144296
    0.0037669145     0.0143124289     0.0066732064
    0.0017839698     0.0061305970     0.0067482203
   -0.0010187360    -0.0012920608    -0.0052542263
   -0.0000507035     0.0037875967    -0.0078765243
    0.0017177085     0.0107469490    -0.0055301451
    0.0023380208     0.0118176362     0.0009560858
    0.0016250864     0.0074517478     0.0042253139
    0.0005098084     0.0050376178    -0.0047837981
    0.0011917465     0.0078113216    -0.0017928075
   -0.0050521785     0.0056260187     0.0010469492
   -0.0057443983     0.0057528906    -0.0013371323
   -0.0050130878     0.0041633957    -0.0033975960
   -0.0063108126     0.0057991022     0.0027006429
   -0.0084094050     0.0069633470     0.0000049253
   -0.0084258699     0.0057621219    -0.0035247162
   -0.0061152885     0.0027847736    -0.0051884112
   -0.0070352933     0.0050451567     0.0044323288
   -0.0111054042     0.0071848655     0.0022566059
   -0.0132896006     0.0068798927    -0.0026356336
   -0.0109541416     0.0034710377    -0.0065119223
   -0.0063180170    -0.0000846879    -0.0063294707
   -0.0068897650     0.0034738769     0.0056499156
   -0.0127382146     0.0058914870     0.0048655895
   -0.0115159366    -0.0020069015    -0.0086750698
   -0.0051920144    -0.0035844081    -0.0057391096
   -0.0059250782     0.0016148862     0.0059380153
   -0.0124226305     0.0033740088     0.0068345846
   -0.0087625072    -0.0087725439    -0.0074107424
   -0.0031808973    -0.0059858644    -0.0033288391
   -0.0102810191     0.0006224884     0.0073538218
   -0.0040713752    -0.0124561211    -0.0024131444
   -0.0012820696    -0.0062870211    -0.0004119927
   -0.0073865009    -0.0013567478     0.0064475840
   -0.0168051595    -0.0027586785     0.0065991025
   -0.0003999904    -0.0111096618     0.0027841512
   -0.0048095933    -0.0022440661     0.0048853612
   -0.0112965425    -0.0043606151     0.0060964003
    0.0011272582    -0.0073245561     0.0051906400
   -0.0067509861    -0.0044535959     0.0044700650
   -0.0147051316    -0.0089622968     0.0016013838
    0.0052096179    -0.0088292191     0.0127614033
   -0.0082555360    -0.0071204526     0.0018584637
    0.0033845172    -0.0032406894     0.0095348136
   -0.0043833038    -0.0051674710     0.0012661269
   -0.0078819233    -0.0085195048    -0.0035243372
    0.0068988810     0.0007936014     0.0143826209
   -0.0041255630    -0.0056917112    -0.0015646991
   -0.0048647042    -0.0062970257    -0.0096860887
    0.0104290018     0.0085095607     0.0155776663
    0.0033326113     0.0016656334     0.0083599399
   -0.0028893213    -0.0044844950    -0.0046467963
   -0.0007701517    -0.0006624835    -0.0125253194
    0.0107200988     0.0147464206     0.0100124572
    0.0043842756     0.0052105866     0.0084511664
   -0.0011881206    -0.0017530873    -0.0064232984
    0.0018573837     0.0045323626    -0.0104996629
    0.0068860367     0.0138712094    -0.0072415045
    0.0075896087     0.0144174928     0.0023730945
    0.0044928730     0.0079381766     0.0060839102
    0.0001709364     0.0010956281    -0.0061761341
    0.0024369074     0.0065078740    -0.0064383036
    0.0041634892     0.0101498066    -0.0019886652
    0.0036084553     0.0083015504     0.0026522081
   -0.0066858514     0.0040381268     0.0006760283
   -0.0073859670     0.0036291024    -0.0017718858
   -0.0062207818     0.0019573612    -0.0036223040
   -0.0078246234     0.0035543382     0.0020004641
   -0.0099634724     0.0035036655    -0.0008296201
   -0.0094941841     0.0017109370    -0.0038973766
   -0.0065895358    -0.0005660684    -0.0048562773
   -0.0081398705     0.0024319385     0.0032357071
   -0.0119546807     0.0025005567     0.0005611689
   -0.0130877676     0.0003273723    -0.0037203950
   -0.0100314783    -0.0026853762    -0.0059178003
   -0.0055261738    -0.0039462077    -0.0048558943
   -0.0074735078     0.0009916619     0.0039782829
   -0.0125000126     0.0008676287     0.0020304094
   -0.0156142273    -0.0020627835    -0.0032757055
   -0.0130241314    -0.0070531924    -0.0070613471
   -0.0074701603    -0.0086655024    -0.0058775492
   -0.0032272388    -0.0066611966    -0.0030623549
   -0.0060975234    -0.0003140192     0.0040331441
   -0.0113096618    -0.0008464919     0.0031372828
   -0.0161360559    -0.0041091071    -0.0025340579
   -0.0023973067    -0.0128858628    -0.0024072188
   -0.0008148712    -0.0073244376    -0.0002657395
   -0.0088981565    -0.0021344312     0.0034984829
   -0.0145897427    -0.0050766176    -0.0010624604
    0.0020610385    -0.0124249693     0.0026411588
   -0.0062420127    -0.0027218311     0.0031277591
   -0.0113319612    -0.0052826759     0.0004462518
    0.0037231840    -0.0085759636     0.0057503289
   -0.0076598515    -0.0048668484     0.0011057380
   -0.0105528195    -0.0087088795    -0.0066121360
    0.0114494098    -0.0095216489     0.0119465426
    0.0033676465    -0.0046698670     0.0061003305
   -0.0047424960    -0.0040464799     0.0010671266
   -0.0074462919    -0.0066658494    -0.0032143701
   -0.0033693735    -0.0087721081    -0.0162883206
    0.0074575912    -0.0032899190     0.0101974774
   -0.0046055242    -0.0049485591    -0.0014740911
   -0.0043889072    -0.0061413463    -0.0088994234
    0.0129804176     0.0017597692     0.0128554769
    0.0043728726    -0.0005683625     0.0072649310
   -0.0032410438    -0.0044785211    -0.0046383222
    0.0006553377    -0.0020628902    -0.0126817874
    0.0161318683     0.0089407131     0.0101378823
    0.0064725803     0.0025897833     0.0083376310
   -0.0010120606    -0.0022590345    -0.0069487448
    0.0045386665     0.0034022527    -0.0117710223
    0.0132866194     0.0121938600    -0.0080002849
    0.0136514650     0.0123627698     0.0032312405
    0.0075493544     0.0061776239     0.0069348842
    0.0009970927     0.0007352124    -0.0071794587
    0.0053857091     0.0065425930    -0.0076668132
    0.0084419446     0.0103898896    -0.0020144785
    0.0067799153     0.0079984881     0.0035627611
    0.0043381113     0.0066914248    -0.0037685051
    0.0048598614     0.0073494415     0.0003665815
   -0.0070485233     0.0016660430    -0.0000610421
   -0.0073392884     0.0006371991    -0.0022114103
   -0.0058464018    -0.0008802125    -0.0034393481
   -0.0076695231     0.0008715041     0.0007544399
   -0.0089037168    -0.0003612702    -0.0018736812
   -0.0076820277    -0.0024608692    -0.0039007426
   -0.0049201792    -0.0037467311    -0.0038500189
   -0.0074773369    -0.0000891274     0.0014829845
   -0.0096571160    -0.0015423486    -0.0013716624
   -0.0088812067    -0.0045895067    -0.0044543900
   -0.0056141919    -0.0068747394    -0.0046946832
   -0.0026567214    -0.0063817306    -0.0028504672
   -0.0065306091    -0.0009596182     0.0019329225
   -0.0093523687    -0.0024750486    -0.0007008896
   -0.0090917346    -0.0062024356    -0.0050914634
   -0.0046849967    -0.0104980658    -0.0062927096
   -0.0010458725    -0.0106574728    -0.0031668664
    0.0000087424    -0.0074229402    -0.0005977018
   -0.0080810103    -0.0029920954     0.0000393050
   -0.0086686686    -0.0064349789    -0.0050988280
   -0.0026878999    -0.0121812824    -0.0089879835
    0.0038877825    -0.0150189307    -0.0047568434
    0.0037673990    -0.0112796818     0.0005654261
    0.0018395312    -0.0065110279     0.0017210628
   -0.0062527948    -0.0031115590     0.0005686683
   -0.0077124951    -0.0057326296    -0.0039785028
   -0.0021619137    -0.0105143983    -0.0108410878
    0.0120265808    -0.0141205353     0.0007623676
    0.0060466542    -0.0085358127     0.0040824590
   -0.0061390190    -0.0048164649    -0.0024367238
   -0.0032091311    -0.0076192563    -0.0096470513
    0.0138466087    -0.0084516494     0.0060218035
    0.0056306410    -0.0048843664     0.0054482917
   -0.0043723848    -0.0039107074    -0.0012735304
   -0.0036759381    -0.0054752796    -0.0066661426
    0.0055975783    -0.0059522511    -0.0139626956
    0.0105958357    -0.0031166175     0.0074761999
   -0.0031163416    -0.0040833600    -0.0040204568
    0.0010831126    -0.0036531414    -0.0102121041
    0.0137465397    -0.0000887331    -0.0128871690
    0.0151953536     0.0013437101     0.0067527667
    0.0067469809    -0.0003463686     0.0063698602
   -0.0007369366    -0.0027692184    -0.0064248582
    0.0057664467     0.0004444359    -0.0105856209
    0.0152104139     0.0055340966    -0.0071605554
    0.0155474997     0.0059234003     0.0025154408
    0.0088444300     0.0027212624     0.0059905218
    0.0017665617    -0.0002411986    -0.0071880582
    0.0076109156     0.0042119398    -0.0076688231
    0.0114652004     0.0071974636    -0.0019750124
    0.0090344780     0.0054199814     0.0035603169
    0.0032265470     0.0022054838    -0.0060484104
    0.0066698115     0.0056389194    -0.0040082262
    0.0072356802     0.0061819552     0.0005395192
   -0.0060204166    -0.0005100403    -0.0008847728
   -0.0056393719    -0.0018684902    -0.0024974708
   -0.0040173534    -0.0030671476    -0.0029611634
   -0.0061197790    -0.0011480607    -0.0004907459
   -0.0060962665    -0.0028408829    -0.0026287111
   -0.0042460849    -0.0047254075    -0.0035737144
   -0.0020792983    -0.0052600074    -0.0026907414
   -0.0060611637    -0.0034341074    -0.0026111142
   -0.0038833214    -0.0060359920    -0.0044621362
   -0.0008640229    -0.0074758083    -0.0034717143
    0.0004937447    -0.0064658331    -0.0012827295
   -0.0056086106    -0.0035236336    -0.0022569133
   -0.0034056661    -0.0062523572    -0.0052800615
    0.0011967791    -0.0087902603    -0.0050576438
    0.0033909642    -0.0085456941    -0.0016043337
   -0.0048012451    -0.0032841960    -0.0016198778
   -0.0032553312    -0.0054540525    -0.0052923874
    0.0025382049    -0.0081213690    -0.0070450885
    0.0073839552    -0.0091174796    -0.0032036300
    0.0062837412    -0.0071950044     0.0011945615
   -0.0031700309    -0.0043699507    -0.0043463426
    0.0019370488    -0.0060703778    -0.0079042381
    0.0096941420    -0.0071691825    -0.0060662615
    0.0109890470    -0.0064518736     0.0003280266
    0.0066768872    -0.0045318398     0.0032448102
    0.0003811242    -0.0041831976    -0.0069464224
    0.0081730746    -0.0041314397    -0.0081318257
    0.0135742243    -0.0035068681    -0.0024854157
    0.0104520685    -0.0028543181     0.0030811561
   -0.0006958668    -0.0030172085    -0.0051052770
    0.0046715532    -0.0021400476    -0.0078731935
    0.0117056053    -0.0004220168    -0.0054441544
    0.0124226436     0.0001345562     0.0009842702
    0.0077862257    -0.0003948881     0.0039414611
    0.0074202348     0.0008651989    -0.0064229874
    0.0109910053     0.0025265793    -0.0019336515
    0.0089443224     0.0019327023     0.0025846914
    0.0075383906     0.0030686778    -0.0037510006
    0.0081360989     0.0035431722     0.0003611488
   -0.0031734072    -0.0035322264    -0.0028343366
   -0.0011435547    -0.0048419586    -0.0030304483
   -0.0004636163    -0.0051221084    -0.0038534068
    0.0019657584    -0.0058248720    -0.0025180594
   -0.0002260432    -0.0045988400    -0.0044348464
    0.0033849881    -0.0056513184    -0.0037424858
    0.0047471141    -0.0053836457    -0.0009715321
    0.0036447249    -0.0044948164    -0.0049061656
    0.0066934802    -0.0045853372    -0.0022477001
    0.0069468458    -0.0029469176    -0.0038332532
    0.0078832667    -0.0025210611    -0.0001872126
    0.0054195150    -0.0014687346    -0.0047370840
    0.0080979584    -0.0007854438    -0.0018221506
